Case_No	SXS_number	f_peak
0.0	57.0	65.32505665989497
1.0	122.0	71.1705258176345
2.0	483.0	83.00126881352053
3.0	623.0	77.58986040171942
4.0	624.0	90.69304176896982
5.0	628.0	72.23994825767289
6.0	632.0	74.14474183320603
7.0	709.0	75.30963624628785
8.0	710.0	74.82145298965229
9.0	711.0	75.05843644686358
10.0	715.0	74.76434458282988
11.0	716.0	74.88570623691842
12.0	717.0	74.84630600046746
13.0	720.0	74.72548828553188
14.0	721.0	75.05632420241396
15.0	722.0	74.70618169077504
16.0	731.0	74.99751223672634
17.0	732.0	74.76855382846038
18.0	739.0	74.94957250668445
19.0	740.0	74.82032570294835
20.0	748.0	83.95341770948
21.0	749.0	83.90619494975358
22.0	751.0	83.76026299031497
23.0	752.0	84.354638354827
24.0	757.0	83.87571588277059
25.0	758.0	83.90464799287426
26.0	764.0	77.47951512565152
27.0	765.0	74.78170138069322
28.0	766.0	74.69800173267983
29.0	767.0	77.40912650695806
30.0	768.0	74.80250789143957
31.0	770.0	74.80887506419054
32.0	771.0	75.15890877078999
33.0	772.0	74.93268255677171
34.0	777.0	75.14346643307755
35.0	778.0	74.83672755658179
36.0	780.0	74.98132816626111
37.0	786.0	73.2901248017769
38.0	787.0	68.58362513990186
39.0	788.0	73.34428160212106
40.0	789.0	68.53043819621908
41.0	790.0	73.31240799886596
42.0	791.0	68.59744307260782
43.0	793.0	73.36787972083033
44.0	794.0	68.67340346154651
45.0	796.0	68.74116917205761
46.0	798.0	68.51975630073667
47.0	803.0	73.40230138789084
48.0	804.0	68.64383078097316
49.0	806.0	68.57343300778072
50.0	808.0	68.72957847410473
51.0	812.0	74.86935460492631
52.0	813.0	75.31605420200667
53.0	814.0	75.00968696573084
54.0	820.0	74.7410470242012
55.0	821.0	74.92018803610172
56.0	822.0	77.48953942014042
57.0	823.0	74.75403120458641
58.0	829.0	75.31127183461743
59.0	830.0	74.81914355150482
60.0	838.0	77.47853739352115
61.0	839.0	74.78185747352762
62.0	840.0	74.72813140843577
63.0	841.0	77.4100944951373
64.0	842.0	74.80216599496667
65.0	853.0	77.58083987997588
66.0	855.0	77.44383544172544
67.0	856.0	77.46606279627433
68.0	861.0	77.47199240376911
69.0	863.0	77.53152816114202
70.0	865.0	77.46961246844964
71.0	872.0	77.49163854827007
72.0	873.0	75.03875781130985
73.0	874.0	77.52359242470187
74.0	876.0	77.4385830127282
75.0	886.0	77.23211081932685
76.0	887.0	82.6119434224902
77.0	888.0	77.01067762452456
78.0	890.0	76.9865869106973
79.0	896.0	77.01245816031094
80.0	897.0	82.66997892214181
81.0	898.0	76.98952457239129
82.0	900.0	77.241771524748
83.0	906.0	77.47354357048623
84.0	907.0	82.60472793060971
85.0	908.0	76.94260786561533
86.0	910.0	76.9248570981273
87.0	915.0	74.89603554782322
88.0	917.0	74.87236465880665
89.0	918.0	74.96885534952514
90.0	924.0	74.94940194008925
91.0	925.0	77.60686861832902
92.0	926.0	74.87703962410218
93.0	927.0	77.47697081941361
94.0	928.0	74.94574042908766
95.0	934.0	75.35568468097738
96.0	935.0	77.39675477987514
97.0	936.0	74.82663639153195
98.0	937.0	74.73823616897863
99.0	942.0	73.00738109264745
100.0	943.0	72.90726012885239
101.0	944.0	73.03442051760791
102.0	949.0	72.98809343587963
103.0	950.0	73.02132649661212
104.0	951.0	72.664946574292
105.0	956.0	73.1427319509192
106.0	957.0	72.95576242135547
107.0	958.0	73.0160276640908
108.0	963.0	77.4376233698158
109.0	964.0	74.87242682353326
110.0	965.0	77.66429239242403
111.0	966.0	74.99431367044015
112.0	967.0	77.5104576123356
113.0	968.0	74.99530565770003
114.0	974.0	75.20145619087965
115.0	976.0	74.82527404000648
116.0	977.0	74.69739147050757
117.0	981.0	75.22811090580568
118.0	982.0	77.38449394112831
119.0	983.0	74.78921440261016
120.0	984.0	74.72904135827575
121.0	989.0	74.89219684970095
122.0	991.0	74.8740040850044
123.0	992.0	74.97254441507066
124.0	1000.0	84.66755347086385
125.0	1005.0	75.81670291939935
126.0	1006.0	78.47359395035566
127.0	1008.0	71.29044565110222
128.0	1009.0	71.8671454132612
129.0	1010.0	74.93489142627557
130.0	1012.0	75.20789968780777
131.0	1018.0	74.95061119517749
132.0	1019.0	77.49903759722304
133.0	1020.0	86.51487633768919
134.0	1022.0	69.88883273663879
135.0	1023.0	78.16663916287946
136.0	1027.0	84.15388752248536
137.0	1028.0	84.21400463653065
138.0	1029.0	74.84063473027791
139.0	1030.0	82.391588618953
140.0	1031.0	85.25125827296046
141.0	1033.0	72.69096232728158
142.0	1035.0	72.30469070308288
143.0	1036.0	86.27473851387549
144.0	1039.0	82.27583202831688
145.0	1041.0	77.42119313965898
146.0	1042.0	71.2186901617749
147.0	1045.0	74.59402210253845
148.0	1048.0	74.37121614369254
149.0	1049.0	72.70993377263774
150.0	1051.0	78.18132423342021
151.0	1053.0	75.79508566638432
152.0	1056.0	79.57707898138096
153.0	1057.0	73.93799018972214
154.0	1059.0	82.23918811918927
155.0	1065.0	77.14685450483404
156.0	1066.0	79.01452454295706
157.0	1067.0	78.99769024248491
158.0	1070.0	79.78573775990468
159.0	1071.0	87.83772565352695
160.0	1076.0	80.62237170821987
161.0	1077.0	73.38643493552568
162.0	1078.0	81.25633742508236
163.0	1079.0	74.71783758123826
164.0	1085.0	78.17100291623059
165.0	1086.0	85.05902309539694
166.0	1087.0	83.85657469468858
167.0	1129.0	77.47639091467522
168.0	1133.0	74.76017027432844
169.0	1188.0	77.42360443604105
170.0	1189.0	77.41536614215687
171.0	1193.0	75.39869202200077
172.0	1194.0	74.8109490266379
173.0	1195.0	77.39462251598987
174.0	1197.0	74.74486398900393
175.0	1200.0	74.88628465355602
176.0	1204.0	74.71477797287548
177.0	1205.0	77.43392252367622
178.0	1207.0	75.10044651445645
179.0	1215.0	74.77634267151421
180.0	1217.0	77.65686272104867
181.0	1224.0	76.73184876460526
187.0	1515.0	68.17836356383975
188.0	1518.0	75.88547765862572
189.0	1704.0	73.21012555637805
190.0	1762.0	68.64654833648609
191.0	1782.0	64.34857154590286
192.0	1800.0	82.95915607312482
193.0	1833.0	68.55863253950417
194.0	1846.0	86.3643489465281
195.0	1868.0	78.13163309698507
196.0	1874.0	80.6424438355963
197.0	1888.0	69.19712674541695
198.0	1890.0	76.22841602319792
199.0	1915.0	71.7273016630012
200.0	1916.0	69.76848187191426
201.0	1917.0	70.06409247034631
202.0	1918.0	69.0523737122771
203.0	1920.0	70.92401663698607
204.0	1921.0	70.22036493009
205.0	1922.0	70.10834812063622
206.0	1923.0	71.03611169661028
207.0	1924.0	69.30003857397685
208.0	1926.0	71.61780478577059
209.0	1927.0	70.14982192069924
210.0	1928.0	69.9230704629104
211.0	1929.0	70.21766591491658
212.0	1930.0	68.495905231982
213.0	1945.0	69.94680136276499
214.0	1946.0	69.7438418683598
215.0	1947.0	69.72243574200596
216.0	1948.0	68.78918861165222
217.0	1951.0	69.93618121879607
218.0	1952.0	69.8432526927326
219.0	1953.0	69.8581480050708
220.0	1954.0	68.74309600736848
221.0	1956.0	71.08587733706165
222.0	1957.0	69.71700795646176
223.0	1958.0	69.81461649849959
224.0	1959.0	69.89184775459775
225.0	1968.0	83.64748673256464
226.0	1969.0	80.27826142499997
227.0	1971.0	83.38823599803007
228.0	1972.0	81.95228830565043
229.0	1973.0	80.05546304980588
230.0	1975.0	84.04798208330311
231.0	1976.0	82.0933064785532
232.0	1977.0	81.91272518223151
233.0	1978.0	81.8927394366266
234.0	1979.0	80.88935094135377
235.0	1981.0	62.609802386483906
236.0	1982.0	62.870748182908976
237.0	1983.0	63.08659684028907
238.0	1984.0	61.84265969203113
239.0	1986.0	63.51948085539431
240.0	1987.0	62.64574593252747
241.0	1988.0	62.73989295540833
242.0	1989.0	61.87136440119163
243.0	1991.0	63.36307560957685
244.0	1992.0	62.79215470109097
245.0	1993.0	62.665970128366524
246.0	1994.0	62.770302703753025
247.0	1995.0	62.121355099792396
248.0	1997.0	71.62858990667418
249.0	1998.0	70.48799311757293
250.0	1999.0	70.40607910760691
251.0	2000.0	69.63493185319638
252.0	2001.0	68.4952024296029
253.0	2003.0	71.71483635584181
254.0	2004.0	69.82032930318361
255.0	2005.0	69.77186806570549
256.0	2006.0	69.94419008043023
257.0	2007.0	68.99372744274694
258.0	2009.0	70.92301588776297
259.0	2010.0	70.1671009752832
260.0	2011.0	70.43036465943563
261.0	2012.0	69.41400737734607
262.0	2015.0	70.50222693494644
263.0	2016.0	71.02870295680763
264.0	2017.0	70.41030640591802
265.0	2021.0	69.71692245121636
266.0	2022.0	70.16399033841854
267.0	2023.0	70.22373681913355
268.0	2027.0	70.35117142471711
269.0	2028.0	69.89648270370036
270.0	2032.0	70.1394247220052
271.0	2033.0	69.79512583829697
272.0	2034.0	70.42505741702156
273.0	2037.0	69.19319528037835
274.0	2038.0	69.93927858633592
275.0	2039.0	69.54397111663899
276.0	2043.0	71.22207632629178
277.0	2044.0	71.49365666281392
278.0	2045.0	70.19523788798692
279.0	2048.0	71.15005760231873
280.0	2049.0	70.67511282173368
281.0	2052.0	70.93080789404075
282.0	2053.0	71.38100404026987
283.0	2054.0	71.67904139086976
284.0	2057.0	69.5716241854787
285.0	2058.0	69.32295859000826
286.0	2061.0	70.08767923531127
287.0	2064.0	68.89894430524994
288.0	2065.0	69.61596833337205
289.0	2066.0	69.38394439921001
290.0	2069.0	69.91560456929875
291.0	2070.0	69.93975774296777
292.0	2073.0	70.48846887797177
293.0	2074.0	71.00756687427787
294.0	2075.0	69.76080900463506
295.0	2079.0	69.96152777458946
296.0	2080.0	70.26175439617833
297.0	2081.0	70.05139986425935
