Case_No	mismatch[standard]	Min[mismatch[fancy]]	Mean[mismatch[fancy]]	Max[mismatch[fancy]]	Sigma[mm(fancy)]
163.	0.006359787304409004	0.00015420993387715853	0.0020283263254514314	0.015026487034946134	0.0030044522669013846
161.	0.007388361606874394	0.0003881740814153378	0.002334352473484955	0.015616257725615701	0.0033486058665582524
164.	0.011902342711786473	0.0003359453613369645	0.0035387201903929557	0.013738189322152983	0.0031579101322407603
963.	0.002176785615041421	0.0005106014196991637	0.0201612140128405	0.11488206706820081	0.03031430319980507
1129.	0.0018809458129022127	0.0003495875345643773	0.004134718351001691	0.03222619643778113	0.006606549112546751
1217.	0.03795638286739189	0.0006232203119266311	0.0038505113358052153	0.012842003624048304	0.0028478626025071493
887.	0.0048192450395824205	0.0011426159154757087	0.005200106526850172	0.019691485762903582	0.00450639275128743
1189.	0.004729124963381737	0.00018016279281685144	0.0016855177406802594	0.009294741280142849	0.0018001577954105032
790.	0.0031696270612177058	0.000467178508714694	0.004837017074634494	0.037524575422077655	0.00779760808476622
907.	0.002116417782419333	0.00037957307396729867	0.008245650571640959	0.04793011546098058	0.012040035099840484
788.	0.008524542442101435	0.00017670462559726818	0.001768998997970331	0.0054471297559112175	0.0015750812134579682
872.	0.0035332076059336748	0.00014912036412262353	0.0027837715548473065	0.026158603150271853	0.005181074833393055
861.	0.002420700959114175	0.00010576891984870329	0.0025599862019886673	0.025562611670361446	0.0044523755375907
853.	0.0052465135155358444	0.000372714469215607	0.002719021755813088	0.018716604363283595	0.003345264840681258
767.	0.0021968024027495536	0.000385313119361852	0.004280061537411818	0.024675127917589856	0.005858111581458433
841.	0.0022034298821970166	0.00037603430765098533	0.003996064503818746	0.023919785586286046	0.005451466577329095
1205.	0.003628237820288871	0.00016460486096159244	0.0015826543277893072	0.008453715893303348	0.0017853636391254608
822.	0.005996869324366383	0.00039167434644160615	0.0021817366955942307	0.005583834389434217	0.0014137659688249055
935.	0.0022546947615682544	0.000488593506453805	0.0038551196735046008	0.027123358366594297	0.005466197875947863
927.	0.004025729922828125	0.00035913753189431574	0.003309409700638078	0.021212756020069556	0.003935505461051478
897.	0.005169276702570391	0.0004902579738661483	0.005832082163709739	0.04665228021304513	0.009077153380673463
793.	0.0029857769268076817	0.0005281684157557587	0.002745903978218064	0.019834626733135297	0.0032242818671983516
803.	0.002275225204118825	0.00004443719476987518	0.0014890157265340614	0.004493460342516298	0.0010141084018235901
967.	0.0026590538140287556	0.00024397929388142447	0.0031150313132529907	0.01564900972497396	0.0035727127073556164
925.	0.006929566317416924	0.00009978833095269923	0.0016193582763634922	0.007092427333207141	0.0014138161821134723
965.	0.019337580366541096	0.000330849549435297	0.002212384702903681	0.0068616960768397295	0.0016013493918466857
982.	0.0024169698524992844	0.00019338070495156234	0.0014473022169926933	0.009895527297153928	0.0016204479682133846
876.	0.0068295271889119435	0.00023467012089584127	0.0018268025276795168	0.004557143698203259	0.0012379574141775998
865.	0.002167653520085966	0.00007721922702852435	0.0013797017339795732	0.006379807412316141	0.001181816576843416
1188.	0.0030154128344183073	0.00013483893840449124	0.001936564872959438	0.01876000708698189	0.0030214462224579025
856.	0.003184201263546127	0.0003198667954125156	0.0019846258132602624	0.020059481492752163	0.003568964844950003
764.	0.0026779367084621697	0.0001623983279942509	0.0013038135692189923	0.004691646307129149	0.0009896286944255184
838.	0.0026172952458016763	0.00019130895563956862	0.0013033342744279803	0.004816273367727719	0.000979912846222408
786.	0.004522496388508657	0.0001530364447341892	0.00167308533342607	0.008561985400698191	0.0017523716991366127
874.	0.0035168781700466445	0.0003889842273415711	0.0019356948539436365	0.013466128792753773	0.002447636515693377
863.	0.013150835346607215	0.0005845040745751096	0.0025241247475327557	0.017408173068033772	0.003197364924379681
855.	0.002994115057838198	0.0001689819965849937	0.0030139436880497975	0.030257547571949095	0.005722351913879861
1195.	0.0027650713714202357	0.000189796149949073	0.0013409657778513423	0.0064862048277817275	0.001260817547468063
3.	0.0016316105101288336	0.000309951436976319	0.002304312314155029	0.026691215031879323	0.004284133285420729
88.	0.003913059924700146	0.001546363628400882	0.003857997580477573	0.018028447817888815	0.003096476310838141
1028.	0.004892615820039636	0.0005206076956025818	0.004232211699245652	0.025167308582864756	0.005352841206308495
1053.	0.00628953151714684	0.0002365970063571421	0.001955584648127776	0.018787556625046498	0.00328436443790245
1067.	0.003255672912023888	0.0004986607896249051	0.002321034206842347	0.004977624538224035	0.001204532293590029
1006.	0.002428633864236862	0.0006397251341114796	0.010276211981151927	0.1243931732384258	0.020182875023357468
1048.	0.002832187211630477	0.0001292504354766244	0.0013761572470899644	0.005909864378884855	0.001160890080265083
1079.	0.007140179158069304	0.0001667789831365507	0.0018668986464699705	0.010838776796167515	0.002403859217493071
1049.	0.002791641742478812	0.0005597853624255134	0.00542380841503275	0.043985556962333305	0.008454792738309005
1035.	0.004271595076879908	0.0002852083944906436	0.0022680913751979164	0.013920784895231297	0.002665527961682016
1066.	0.003109136861284778	0.0004286063896804526	0.004255334538699743	0.03406337691881356	0.006279056213081989
1019.	0.0022860796581563037	0.0001926715632365461	0.0015210483610981842	0.010273463641716774	0.001697285005731327
1076.	0.003557472170512499	0.0006353645952132947	0.002317078705083004	0.00884638568337881	0.00160407539592196
1086.	0.0017849659548980767	0.0003824349160355123	0.013286839422097307	0.13021365886959257	0.028001704851643622
1071.	0.0019545990424896242	0.0004206599464896543	0.007182336296496212	0.040622217024848806	0.009922831540253432
1085.	0.009148345828228988	0.00018295004831536676	0.0021310739878317546	0.010617627953247166	0.002560949690558225
115.	0.002690261684273998	0.00026569993460512364	0.0017321535745309818	0.014466859926113185	0.0023112733707273173
632.	0.004565106992866941	0.0005400243896929169	0.0025362376948825293	0.0061238302870340044	0.0015558268044943888
117.	0.0027702871514703187	0.00032998333996248075	0.002229835660583215	0.010705753651739536	0.0025538067600852526
116.	0.0021727874198911312	0.00035916652601275523	0.0014431292386395558	0.004115103591621705	0.000945803115227886
1042.	0.0032720224817277543	0.0004832001116892304	0.0024215441890165436	0.011342594686420182	0.0022273299268191597
1078.	0.011346606449799235	0.0006718461133597975	0.002796215281388525	0.008792566834455062	0.0020262004354332864
123.	0.003051504739492006	0.0003549954298429636	0.002033023209497841	0.01663789065479193	0.0027719279595839557
1045.	0.004005805766288506	0.00015211601353892767	0.0018330417378685	0.009599601762221188	0.0018957631937161548
1030.	0.002431039749485775	0.00041693839128409405	0.01465553811873698	0.15478650815889605	0.032840510409721274
623.	0.008412863106334934	0.000815129781249091	0.0043544069944423764	0.011006846884288324	0.0021606011334550927
1065.	0.002862646117418266	0.0002741910666532732	0.0016529090943303358	0.006139581643981984	0.0011136902993894833
1059.	0.0030443937348579864	0.0005514684911633871	0.002531457673327874	0.012803801801799741	0.0024066347434130077
121.	0.002383317485329828	0.00033631358262120603	0.0026348120346677472	0.022891178143774282	0.0037005573199097117
118.	0.0018656733285586924	0.0003569884178278304	0.002269585511122697	0.013299847266624809	0.0028622328795005246
120.	0.002615463167475074	0.0000797263341731913	0.0015722014987449877	0.009070601019148916	0.0019445049746848327
119.	0.0020011962332417976	0.0003760961277728958	0.0014383642462994664	0.003805289275616075	0.000853378212423778
1027.	0.002899419378598611	0.0007069751777714073	0.004364911461091502	0.013688457155336509	0.003748108548202452
1012.	0.00543010058647575	0.00014502162917751082	0.0017365950045063366	0.008707284507314061	0.0016607224152625016
1031.	0.0067545041509983195	0.0005484993472132382	0.004486293411802017	0.017155795069510704	0.004592332822376431
1033.	0.008373414944817137	0.00016788213246932138	0.0019977229443101387	0.007680792064030828	0.0018987864530062989
1010.	0.00848948549299633	0.000179706497095089	0.0019876866768817007	0.0071334153183806315	0.0017449729206165374
1018.	0.00288951427952433	0.0001414715021829105	0.002270423913261168	0.021581473469175605	0.0036052728804430445
122.	0.0030945398273093394	0.000567457888389189	0.0017717797520239958	0.0050630554254573745	0.001076320940464278
1056.	0.0021349024891688106	0.00039534281951647543	0.007555892778417979	0.07390586253027898	0.015497475271294369
1009.	0.005187946707500779	0.0005434249670492886	0.0021000768060055438	0.007030984957248743	0.00157999617824035
1008.	0.003992001785913413	0.0005536344337383481	0.004700671275530702	0.03674126314192716	0.007522748848070222
624.	0.001978929900896431	0.0004630575251657332	0.012407466325379268	0.1280609261579353	0.02353993216554585
1070.	0.01595633359841553	0.00030243629671500294	0.002837051775663653	0.014471201853954452	0.0027185016807838636
1022.	0.0030282632588599645	0.0008473490130320727	0.002814598255841413	0.011569037405269156	0.002672898395576801
1000.	0.0024494693231411624	0.0003877711811066664	0.010456764772939529	0.09768162764076804	0.01834032313886202
1036.	0.002564676866391391	0.0006141390330806074	0.005139764527342164	0.027341389466048804	0.0059463275052507964
1023.	0.002712827439176335	0.00022103045419652467	0.0020201488367826057	0.03216522493321028	0.005036079399881538
308.	0.0031372377392400175	0.0007972033024499225	0.003539301957215669	0.02257883493183732	0.004546235256674364
1020.	0.005018269615633675	0.0005539083610733853	0.007567528919988396	0.03831724042486284	0.010307048284400329
483.	0.002650540544372415	0.0003104913793525732	0.005927422258019296	0.049191782998636246	0.009859693601141903
1224.	0.0036836673479692106	0.0000904456095887074	0.0013693985898755828	0.006710929142951794	0.0015556496113436071
1051.	0.004501636944903131	0.0001874282238510938	0.002181475176326259	0.012464529977834649	0.002326475190206645
1005.	0.003184986342009366	0.00021086754070009928	0.001519114344256873	0.0048757439063995545	0.0011297456009511
1041.	0.009016586742786492	0.00020328111558198803	0.003113791712351686	0.021111254592848128	0.004180567064726574
124.	0.002280833436247187	0.00031920434742249704	0.001959981884468757	0.0165571024689688	0.0026731758481164914
1029.	0.0028567639447782955	0.0004727362166462301	0.0024074661552723805	0.009644589347548083	0.0019904618362291487
125.	0.0025570683194441335	0.00019608931137315988	0.0021151755801553187	0.011135280691450755	0.002625260327865182
126.	0.002470834586436488	0.00026806103879550847	0.0016323072677346118	0.011158710343005196	0.0018952686378122588
1039.	0.004609404494471447	0.0006203131224644665	0.0022443485378888387	0.0064143527511445475	0.001434137777413792
627.	0.041553130235543856	0.00023107162700175543	0.00480117297155459	0.033276696712783105	0.008020489496774606
142.	0.0025400319664177218	0.0003063801127305421	0.002730996465812686	0.01928996115942927	0.0038134049820647427
143.	0.002183633500628779	0.0002967004266185569	0.001971512463836692	0.010267368693495316	0.0021152233854556364
144.	0.004197088373249391	0.0003350237623365171	0.0018679444957001817	0.011137178687900429	0.002225511732441263
1087.	0.003356008845765923	0.0006404951058723851	0.0024772329351859007	0.0136919451132953	0.0026672775106202323
1057.	0.002956834633212946	0.000365129799794528	0.003338767676677811	0.01816155445649925	0.0043501741739003195
146.	0.0029727915094189816	0.000406835451702392	0.0021942595623672084	0.012826271147278745	0.002345360430973193
1077.	0.002483596469367799	0.000496293204811038	0.004843188968584224	0.03943715793140001	0.008481254148137893
951.	0.015117032040760203	0.0003070164839511502	0.003033921579905629	0.012123170894839164	0.0027025743682944628
771.	0.007770873772636855	0.00038323606469270466	0.0023531481780221636	0.005088577106873937	0.0012088173211679812
956.	0.005908285154446302	0.00038061391741261996	0.0017075088752911865	0.007658217517068522	0.0012309289709864397
949.	0.004375329271256945	0.0007449889909295626	0.003097227322838601	0.016335354595156337	0.002787438427579605
716.	0.006260661649048038	0.0004535913606663611	0.0020481767030743046	0.010067357373924724	0.0020601800523145685
758.	0.03361467095585924	0.00033950661282677874	0.0023504421380026123	0.012264526712920554	0.0024019058846762595
974.	0.0061677665968831175	0.0004097857105940239	0.0038561966282759175	0.017315107492773874	0.0038702870392279157
732.	0.002682292763606986	0.0004040398284534952	0.006243634150909748	0.057166546787494	0.01208996903585597
739.	0.0023120588291853927	0.0005201731640145368	0.001940652392872851	0.0070758720205338355	0.0012607653033563132
915.	0.005693657198234003	0.00031750830395171903	0.0041701350530822376	0.02739093687223626	0.005895442989902631
989.	0.005684796277552806	0.00031735048897008067	0.00423544983468766	0.028317824346772102	0.006104154794091637
1200.	0.006031768568491747	0.00038211119407327576	0.002136562251827977	0.0097300331453537	0.0022189442274792933
813.	0.007945039278263621	0.0002603221264009248	0.0023653275534676094	0.005833286022515316	0.0015640699879342006
977.	0.01041169571430145	0.00040189696586878654	0.002260132001201237	0.009534083226398371	0.0023600054950462406
721.	0.0028457239602719397	0.0008522632269980512	0.0032598091303094904	0.013654974067993875	0.0023771380369320993
751.	0.002937630636394628	0.0007364272985913578	0.0032839714058207495	0.014814808382167644	0.0032304605675517704
918.	0.002974030525465854	0.0007128122212068932	0.004186430172326473	0.023355956943926115	0.004439747480923088
840.	0.01422183317622483	0.0002901159909751705	0.003011667365951072	0.0193997080133399	0.004223171809044653
740.	0.002823342125637951	0.00042493852784741826	0.0030517409410428637	0.021125499826633143	0.0044423901803312986
890.	0.003201181266327624	0.0006406767328293039	0.005612843468362494	0.027475110839328076	0.0072888642407810764
842.	0.0038672333819010918	0.0007721426394952102	0.005732239716739153	0.03394794390511735	0.0073895469297115424
722.	0.027515906652393896	0.00026623893255017794	0.0021612613951157273	0.011321236895940334	0.0025156539480636364
910.	0.003116245437443377	0.0005570315180590812	0.004010646201432398	0.01978803824504005	0.0044939604298801184
942.	0.0058651582732144325	0.00040474541802104635	0.002241562305676866	0.008280012222413813	0.001830415231559359
992.	0.0026365774830989785	0.0007427083514136568	0.004110142342180051	0.02272382350173685	0.004343351520426415
1194.	0.005334905246561772	0.00034597350407838956	0.005507282072809327	0.04108833130210665	0.008966178347526365
717.	0.004870431719986468	0.0007938276088990115	0.004234354537391664	0.025607598976211565	0.004927992839216142
1207.	0.00470534975103809	0.0007216623106278686	0.00564072722392833	0.03062740662229102	0.006793357513036688
768.	0.0037030792233265775	0.0006553807559237512	0.005883556221030706	0.033767052369986006	0.007647950940485663
944.	0.0033291118841064504	0.0007378095464576351	0.004916350197639065	0.030752590943464275	0.006424299790393341
934.	0.009416124356674271	0.0003251907045502822	0.0029486534117082967	0.012865695290138035	0.003070477139539253
766.	0.0032800578862104413	0.00032999721467175114	0.003670160568153177	0.024242542845973047	0.0051846715459752685
778.	0.0036001203707287655	0.000578963592084869	0.004513798257949657	0.024996486609894508	0.005123864677353882
796.	0.004648624279168234	0.00031696392877789137	0.0019248840241083737	0.007216057577770885	0.0018559829820723698
906.	0.012637667903246719	0.0003292327971629039	0.002437485261672793	0.006086581830272331	0.001639716840392036
888.	0.004154784967535963	0.00025686038504924014	0.0016520569585640982	0.0032229883417975724	0.0007176205085469727
976.	0.005143285038690104	0.0006858506380751361	0.005310224927108809	0.027090934845392045	0.006528126517962877
821.	0.0027270596195286823	0.0006827438569027011	0.004007904509775334	0.022092385413680526	0.004187274046445228
900.	0.039199250386882656	0.0004314119805454153	0.003767321345134805	0.016132321383556136	0.003741815994118069
710.	0.004640486645819508	0.00040369899568670764	0.00545647645056916	0.03985764841620687	0.008932367912655094
830.	0.00471771183173586	0.0003604146521969387	0.005485189927041561	0.03993687937037227	0.009085222425233304
908.	0.0031187422580365443	0.0005731718648499529	0.003495858625640785	0.015568084700372187	0.0031672135180185286
806.	0.003795793925308044	0.00020821687484862128	0.0016561082164998102	0.010123423523862196	0.0017873059013599026
886.	0.010891962504523844	0.0004995364614649445	0.002720718220278478	0.009162295943082155	0.0019103325763522665
789.	0.003149122900692247	0.0003249108472467288	0.0014541652976610513	0.004849646227125026	0.0009525047520147945
943.	0.003130108039792856	0.0002338622076072383	0.0016213700144153422	0.0038333806243009416	0.000809502186337443
798.	0.004350143008967078	0.00009963442924620924	0.0015499962076462605	0.010726196999118587	0.0022699465671024823
958.	0.0035376243054691114	0.00044363514549972116	0.00451519802494676	0.02668282500392327	0.006355367108423513
1204.	0.004957841296616028	0.0007571728291770885	0.003204539856837959	0.01622517477357166	0.003007063039480429
991.	0.004048675329429208	0.0007454157392136063	0.0023426585311103593	0.009264262478480445	0.0020706545771579836
928.	0.012711968591159306	0.00028786407843195416	0.002441200499610428	0.00789000701824949	0.0017015681581164254
896.	0.005964377620668704	0.0007225547523632692	0.003545638831195823	0.016373490410004465	0.003183064123655467
968.	0.02043918489799379	0.0004768811536145501	0.002402060358872426	0.00891196383381987	0.0019055650660566084
772.	0.011640059568532202	0.0005091048593258707	0.002575222744841679	0.012715741573611883	0.0029121052692751
791.	0.004957366172996802	0.0001292158635897156	0.001509301964630587	0.006989269292300038	0.0013519459627144503
917.	0.004205541466652196	0.0008097278941714414	0.002313128699494809	0.009679065180173585	0.0019332226120571468
780.	0.008522688757860553	0.0005897597932046361	0.003142549347050018	0.011667912173982442	0.0024713951939448705
898.	0.0024570534989704074	0.00030356494034333714	0.0024942932990458244	0.010250341735976165	0.0019516338684270043
804.	0.0053685869059660885	0.00010643788531239373	0.001627930353020451	0.006363607827712503	0.0014447147106062834
731.	0.0030138753658551787	0.00043603725108942726	0.002832001154255272	0.01407736701384854	0.003119499555610364
814.	0.007742345875444201	0.00040353509291657375	0.0025295033141363695	0.00859776607526741	0.002090648623786785
808.	0.0071499013377169796	0.0003660218324850195	0.0020198632492124786	0.010769512450929164	0.0023788486142776633
757.	0.003145197591490456	0.0009852677179349456	0.00310665917386357	0.010794468425337045	0.002075938985481571
711.	0.004281833140030611	0.000665591309043756	0.0049917572879817984	0.02841281718842581	0.0060452804072924395
950.	0.0047077735720266745	0.0006580156393292125	0.0021805007953679123	0.008383002110922022	0.0015463752985159069
937.	0.0038049970843541114	0.0006678256146118722	0.002557808074300288	0.014566789300478389	0.002539829411659288
794.	0.007912009333577275	0.0002373739893046789	0.0017312950025223347	0.01289798399876907	0.0021884212122052194
984.	0.004731060551389277	0.0008392864133411893	0.0032770005566077395	0.01767449393911713	0.0032532089843002165
1215.	0.023572336124837112	0.0003820617966677764	0.002428023060081957	0.01157082451347513	0.002753629795062752
820.	0.006914328894957356	0.0005087396857414994	0.0026227044250340366	0.014386469612874375	0.002823691924242125
957.	0.0032309596060912105	0.0008941828161594945	0.003193734570423186	0.012187127496557038	0.0024308564708765998
770.	0.00301200034576643	0.0004792505762406529	0.003785954175955416	0.02286132867756141	0.004240878438745133
1193.	0.011959932459678524	0.00035060512031459545	0.002913350467967165	0.016214612292304365	0.003940877823028577
1197.	0.00635008879273502	0.000755075292501517	0.004098639717776417	0.015895423409742704	0.004060917171282662
752.	0.016305400819095817	0.00030800112374906874	0.0018887192840705465	0.005631615482321939	0.0011502239359749494
936.	0.003647084379387322	0.0007963670039337067	0.005334281089310487	0.03559793096589792	0.0069950713714919946
720.	0.0034434558261757786	0.0006501611788471973	0.0030991370966490174	0.011457846353003287	0.002502016623832318
924.	0.003357998230518966	0.0006544447220462324	0.006112119433219096	0.04020247756700024	0.008414199910615396
715.	0.003410105370300509	0.0009855785463255273	0.004063963697762251	0.023039921595550683	0.0043877792909407225
983.	0.0034339828713015885	0.0006839391983610721	0.004082294517680943	0.019024695029995486	0.004380928803217112
823.	0.005003548857993367	0.0004097976909740453	0.0021462989686205926	0.005255802390427888	0.0012286243080403692
829.	0.010042263633585846	0.00042204012721536177	0.002765408291783059	0.011913497021533881	0.0029381548976404968
765.	0.004887814317771744	0.0004789586043353333	0.004051998644248262	0.018762669495721696	0.004107348854329703
709.	0.010154869030230329	0.0004229475852398634	0.0028082096973879363	0.013182355278346436	0.00317164993721862
839.	0.004904052646185875	0.0004937587892577255	0.004068862346069106	0.018715592245654777	0.004297682579880532
981.	0.008390989653810244	0.0002644961647664257	0.0027647688681543547	0.015614119071936439	0.0034989749050287947
812.	0.0031748220691669715	0.0005978158337212047	0.004898661833691922	0.030502849980527214	0.005774801640498418
964.	0.003421691653783143	0.0005875186767232421	0.00683137849252313	0.051063438060323096	0.010821384140586424
966.	0.003606025422206005	0.0004044222298201783	0.002433913216624173	0.01080958878997973	0.0024382258702219093
777.	0.008273376348379657	0.0002111229736126985	0.0030448043577842006	0.0222686400902824	0.004461655752649794
926.	0.00812067704398578	0.00047247628798741115	0.0026028269156721175	0.008670240296288156	0.002047269135283151
787.	0.003319574283184079	0.0003213705453376514	0.0016771251947464215	0.0037778190280540747	0.0009213964832779161
873.	0.0050246605464006056	0.0004486564028537421	0.004307724370540817	0.024385735281345577	0.0053828529511202455
748.	0.03216927591957075	0.00034471332373042785	0.002511196821155893	0.009929783675432735	0.0024754060870381153
749.	0.004531081612013654	0.0006166210794510407	0.005150381509732228	0.03495204252664408	0.007325006174105519
1800.	0.003578705412348948	0.0004946584562608436	0.0026436756128773243	0.013614939871414378	0.0029447413000369673
1846.	0.0019103930821793291	0.0003495693521177179	0.004206124110280035	0.022114148641426357	0.005086856446350763
1833.	0.0037222305522079946	0.00008370278198888137	0.0016263194375821693	0.007624657761232667	0.0017012999558639506
1515.	0.008131561725128078	0.0000603744687188712	0.002122532501780067	0.016317644086107252	0.003561024659380432
628.	0.003539488691398307	0.0005307972705302921	0.003011202863282296	0.008664818775344418	0.0019258949321368415
1874.	0.021777057630895325	0.0003300449565192265	0.00459978449533197	0.029133507000048353	0.00644972506591938
1704.	0.002554731279708733	0.0004971233699705424	0.0025867020619464733	0.0137001044339643	0.002608855903802417
1762.	0.0037627305490830487	0.00064693454490794	0.0018362392765176013	0.00418725800179276	0.0007278189640734408
1888.	0.004106093297151503	0.000153761673320707	0.001414521294418058	0.00510195603783592	0.0011109811582448526
1868.	0.003682494875298592	0.0005253803167546423	0.002787723303165806	0.020306701703466823	0.003572347733308599
1518.	0.007251260713117991	0.0005845087562951212	0.0026279862254626222	0.012412346964946641	0.002558494758255914
1890.	0.0031204884624869145	0.00030728911635191647	0.0019522944804281099	0.0071185455216495885	0.0013660902940114557
1991.	0.0028479527292500917	0.00009137936279579595	0.0012586246572264734	0.007059168481919453	0.0013151217145727495
1981.	0.005738756822851632	0.0003157616432296617	0.0015718781999763292	0.006434855766391356	0.0014416041165348757
1987.	0.0028637582644068793	0.00009259468565758766	0.0010510047803572692	0.0029813171913746217	0.0008502433466262292
1956.	0.00317005289146699	0.0000676701019024506	0.0012687856929424414	0.0048752064241116555	0.0010334302707603533
1986.	0.004746317277206091	0.00019423677482421908	0.0013303978591109507	0.004229261001601037	0.0009801013116982561
1988.	0.0023176561602977763	0.0001538592259491267	0.0010929046175409843	0.004683846870011887	0.0008585370338173715
1782.	0.006715903151034874	0.0002296249578467302	0.001493581446315522	0.004909300382787918	0.0014517953719927323
1983.	0.0021629797285167562	0.00015468590839284868	0.0010345939394999716	0.0024688618328223555	0.0005948889755100884
1993.	0.0019523148665521184	0.0001687168491233404	0.0010482065674592607	0.002569543019387832	0.0005660358620604106
1915.	0.003707080590056866	0.0007007717825302517	0.003567247793091559	0.01094819845315309	0.0021935165394148374
1948.	0.003804513521405206	0.00016119030567240955	0.0015275424781226005	0.010555097893114485	0.0017615638884727807
2003.	0.00389246508724983	0.0008760485229472037	0.004370774130149902	0.00933999727561019	0.002366554928151091
1954.	0.0036164092002509696	0.0000965102576906407	0.0011756513219049417	0.004407398316963906	0.0009378343943005917
1946.	0.004241913922385709	0.00015570824752908496	0.0015263479156325797	0.0049807841250464335	0.0012917492255000442
1982.	0.002332036683448502	0.00025923082938672515	0.0008555083434508017	0.0015311261820063482	0.00035878827517703146
1995.	0.006202125577336237	0.0002536020508723258	0.000949311140145607	0.001792673200655126	0.0003933892282635651
1984.	0.0022511633640471818	0.00018731847074970887	0.000954352216311997	0.002140457765006376	0.0005915547453020066
1928.	0.003139375978908898	0.001042844260643716	0.005242567480186805	0.015055574408184058	0.003453547989870279
1997.	0.002466831730428942	0.0013415157965940283	0.004132053940573167	0.011639816887421217	0.0023793103815546624
1989.	0.004675569349581132	0.00016831292193575376	0.001355960520183814	0.004861819702907111	0.0009418176350827479
1920.	0.0038850398296295108	0.0012251562386009773	0.004266918255664067	0.009946247275150477	0.002355274444579841
2009.	0.003933277586002926	0.0012809603327624819	0.0033013055567285604	0.007719302239917569	0.0019019769924633716
1994.	0.0024378199854825366	0.0004121954892177815	0.0011344704946194047	0.0025137585295846865	0.0005855733095892736
2005.	0.007513005613075663	0.0009314508591398152	0.005344739524177326	0.014050995816110468	0.003548962607842238
1926.	0.002447150217169347	0.0015038367515317619	0.004605648299574883	0.011945762445707664	0.0028369247853579334
2081.	0.005148320954569741	0.0013374146522472374	0.005832394977849772	0.018487666678665415	0.0041381861666287215
2007.	0.005508812675110275	0.0018070469855639981	0.005798605352377978	0.01708357194793164	0.004269767183791061
1918.	0.006574676208458086	0.0013604637519002427	0.00553035231139232	0.02054909012081263	0.004801141450165595
1958.	0.004252454661359706	0.00047925702611639753	0.0016477241488531875	0.006425312834375307	0.0013807767075014366
2080.	0.004177088433931164	0.0015262757452857434	0.0051971366091271365	0.01292009249647219	0.00317714190539089
1924.	0.005340771462607918	0.0016381345111589063	0.005389621062303428	0.02176884844134075	0.004342781163981241
2000.	0.007188048505573641	0.002068599143490668	0.006208955296874851	0.019070223816766818	0.004125568490745084
2012.	0.0071425989060908135	0.001129446571122572	0.006811394736556887	0.03326942944137756	0.007252763856419075
1945.	0.0034207225041870126	0.00010858947836855926	0.0014905740794175452	0.0074760427807090135	0.0015570375783503364
1930.	0.008353485331581423	0.0014906105501435452	0.004973341091912815	0.014646952623118659	0.0030735491149583385
2010.	0.005898454994046953	0.0014990544506319203	0.004357460986927363	0.016767301540071	0.003376443238046945
1992.	0.0032821420233540843	0.00008064169884758332	0.0012374270141168717	0.006834444967722342	0.0010465829027514336
2011.	0.0045703080053295375	0.0014373014536033235	0.0048452048441050815	0.012391867285248548	0.002785130778064414
2044.	0.0033083711591038734	0.0015059056103461366	0.005499481738669146	0.016207889868432246	0.0035939289784971506
2075.	0.0038060584148323917	0.0009706514826950396	0.004289108162067986	0.021000373701800745	0.003877793549614476
2061.	0.0061107339066240884	0.0007874408556738377	0.0045119637849124865	0.02275573457652913	0.0044892767029766295
2001.	0.008175288245428125	0.0009311653769338291	0.004421416558224703	0.015322743153126983	0.002981325428183543
1952.	0.003199814767865239	0.00013448131888182946	0.001216189111708325	0.003823622216518885	0.0009090568710147499
1969.	0.007234517732690238	0.00023069732067770854	0.001829351224136778	0.004906410144691065	0.00121893633128654
2065.	0.006916718271816058	0.0013267831496882598	0.005417021248378327	0.025198618867483313	0.0048231634554845035
1979.	0.004276063141953723	0.000138784050099372	0.0019172676031130333	0.007124791581674561	0.0014974247293720586
1968.	0.014689877858573341	0.0005595115946569473	0.0042815594937622515	0.01990342452083882	0.0044875113282109415
2057.	0.005782392147089532	0.001359967649906424	0.0061166409154611925	0.020064269765182607	0.0045141596321197535
2048.	0.0033407759049502994	0.0013137820590942706	0.00506260685950753	0.01407912393219668	0.003400314324680322
1999.	0.008802919623055683	0.0009533731514522747	0.0054001235776448345	0.02288414870760791	0.004656851816040073
2053.	0.004210868534680556	0.0005782788044781384	0.004022419190397385	0.012292597654646964	0.0027425608937830448
1921.	0.0028299310222388296	0.0014536137174256947	0.00496969042789955	0.014460000099972503	0.003430432507442464
1975.	0.029251872766698273	0.0006075892608505828	0.0030814359300666773	0.007977079040819013	0.0019206046030343083
2058.	0.005649056918701101	0.001166732429338846	0.007245095407707984	0.02912886129684933	0.006805421664588623
1971.	0.0043331552096551595	0.0006547973964465825	0.0031887710797291707	0.011983076562361084	0.0022787536361054297
2052.	0.0060765442696671945	0.0006315516068161608	0.0036650656884553395	0.01641487758754112	0.003047443568204329
1951.	0.007753128543538712	0.00016046217051046696	0.0017016199427682742	0.014154496174556108	0.0029583596821831444
1973.	0.02495524102936908	0.00027629317785105023	0.0020289876741955994	0.011454086861784396	0.0021875006794607665
2054.	0.0081273239731523	0.001134518894549963	0.004610332765228579	0.0170305047993472	0.0027872637075580338
2043.	0.004369167171164645	0.0012978930077969242	0.004815421726909524	0.03284661760553775	0.00467896960750661
2045.	0.006580520309302451	0.0006924634659591922	0.0037809673968161833	0.011845199725671662	0.002486634579687783
1927.	0.00596801953871795	0.0013031259007477702	0.005509271192549646	0.020946281282069545	0.004687401970977008
2049.	0.005993557248404335	0.0011126036503312786	0.004698353248994594	0.01313890321740041	0.0029725961141171594
1959.	0.003042544310784989	0.0001608620675654926	0.0014676006575210167	0.003029921569201788	0.0007112702821111344
2070.	0.004725539697083114	0.001774422951850374	0.005041526529473774	0.015532616085790818	0.0032817505627676176
2064.	0.0037469037413286888	0.000716841468927254	0.005284545258601268	0.02228905618025223	0.004938233522710358
2069.	0.006849021374709774	0.000861907547174523	0.005108540433110114	0.01746753347120067	0.004163066730152249
1957.	0.0035211222331639203	0.00048730221329706946	0.0015109696194398562	0.004748810091061317	0.0009151881713465673
1977.	0.007519908865181835	0.0004055201469476133	0.002879845203971218	0.00971504701359327	0.0021717565217623637
2073.	0.005943780444052971	0.001179375164849783	0.004964485791750749	0.018495197849152434	0.004070352656088342
2079.	0.004450597961758285	0.0011156177536658651	0.005675638060085768	0.021217165688923734	0.004461303944084602
1923.	0.01389217262602327	0.0013455480238305784	0.0036912090990449597	0.009197989432981002	0.0018692697416430855
2004.	0.009306790063085435	0.0013666753724986824	0.005772551724340012	0.022933716452669617	0.005142073310678413
1953.	0.0026269264328142583	0.00013333557217987124	0.0013698308522740825	0.009309482178585182	0.001691122711090907
1947.	0.0069078608983925704	0.00017079632593486327	0.0013129208489630801	0.0044257372293221575	0.0011399261954767046
2066.	0.0035480861959885646	0.0014113109168550908	0.005249141330189174	0.024048606819685348	0.004917872807226215
2017.	0.005707618289650607	0.0013982903166324112	0.005361490995586892	0.01444635864702315	0.003088990863124057
2032.	0.008627374619174732	0.0015348908377692538	0.00524744014762671	0.01959484000962375	0.003747556214275223
2074.	0.011906297769802454	0.0012219738265408786	0.004094843626798744	0.011154464540335307	0.0023211686127375137
1972.	0.006719707897696603	0.0003478979661356574	0.0023250359226318538	0.00517346936518126	0.0012069558690919531
1998.	0.010163834211877498	0.0018057123909894779	0.005902370745486966	0.015078737109943008	0.003680232564368938
1978.	0.010335818786394335	0.00046946928842062086	0.002461639678883388	0.008931133057664797	0.001914389930769035
1917.	0.007268090253351289	0.0006635082825111605	0.0042552563835997715	0.01087229558993874	0.002923283495470909
2037.	0.0032267823412844843	0.000776701838069771	0.005675853563401588	0.024599964902848215	0.004991083830402818
1929.	0.01094177812259367	0.0016743293309660068	0.0056064406200394675	0.01909501375620437	0.00428273803934857
2039.	0.005923337653151783	0.0011250678453909035	0.005176729413792745	0.015061330807831341	0.0037103514613991842
2016.	0.004064365218376498	0.001183234718680981	0.0048097750847948435	0.014255450864752106	0.0027026576759712284
2006.	0.005526666546641357	0.0012329453992929729	0.004393567033853536	0.013534328834755582	0.003301028767451648
1976.	0.009149044917972637	0.00048379637812034915	0.0022586653285048617	0.007392342306472344	0.001562611155570147
2015.	0.005771052028359702	0.001232412914643266	0.00435930906436378	0.016539776264482997	0.0032810888377664492
2027.	0.004534003767923789	0.0009957274441610986	0.004952741123577549	0.016882797780715886	0.0037006431675769844
2038.	0.006698943866539353	0.0009521323578909335	0.006445446436889303	0.030832853606773236	0.0064299402382611
1922.	0.005143122973197745	0.0013894202721168591	0.004465298279287615	0.012284502734486114	0.002848629809671924
2023.	0.006401316626990505	0.0010155603562463922	0.005819122326410028	0.02543663743639002	0.0053886950009691655
2022.	0.0065126461736123575	0.0008418102941694094	0.005038572739493622	0.023361061624931678	0.004663049534205207
2028.	0.005869182063072187	0.0007630745914326553	0.004796640452806808	0.020977321150851824	0.005050607357610865
2034.	0.0036037085540916447	0.0013670278103083966	0.004769470660812884	0.015238105950314274	0.0032517242193430317
1916.	0.006905021156222713	0.0012625531172615334	0.004922274844392737	0.016899705249396102	0.003534660628774287
2021.	0.0046890986758636455	0.0009463116246295478	0.004384719113010053	0.015635853450276516	0.003823100728785613
2033.	0.007064296971997841	0.0012145009094112202	0.004628680411458495	0.014758937546649142	0.0031275070981217705
58.	0.002779652584694925	0.0005323719760743639	0.0036932400091188484	0.012616122409498054	0.003350554317630336
57.	0.016238464993704627	0.0014483179556966652	0.009879988239847103	0.034375372107008695	0.008529477557336356
62.	0.00168609945431486	0.00013602419020797285	0.0008994825583045049	0.002287845805293176	0.0005989603994781679
165.	0.036385685731817996	0.0033232133454987878	0.012387764300326377	0.033871973837556246	0.00863058634544038