Case_No	mismatch[standard]	Min[mismatch[fancy]]	Mean[mismatch[fancy]]	Max[mismatch[fancy]]	Sigma[mm(fancy)]
163.	0.0037174242182446138	0.0012125371788298533	0.0023898156582352137	0.0035634124930006283	0.0008705605545638211
161.	0.0032522057168492546	0.0008645510212084151	0.0020519580236466658	0.003238130017810703	0.0008747624167708116
164.	0.002698222441074871	0.0006916274277067869	0.0016924563871478914	0.0026908353283058295	0.0007329522955262819
963.	0.0035490371245860963	0.0016820325659231417	0.0026216523480673986	0.0035595415509931394	0.0006916481094773123
1129.	0.002772514804136761	0.0008426164792937341	0.0017205458244806497	0.0025973162806235406	0.0006478996624034005
1217.	0.008721653758446024	0.004376891584558673	0.005649593744381705	0.006902052325385655	0.0009086176945796178
887.	0.004142283896398813	0.001871119717477665	0.0028408694159222673	0.003808692154177229	0.0007076380896519267
1189.	0.0028963191006463607	0.0008151525125923431	0.0018369979834957785	0.0028586356122354273	0.000752965232333434
790.	0.0042058727186991	0.0015893266301550968	0.0027934551412620657	0.003994808582858944	0.0008868951941611086
907.	0.0033651056487566944	0.0015860934408978844	0.00246351954079316	0.0033402092156205043	0.0006424745865944714
788.	0.004736290430807366	0.0018997944749317153	0.003070976510493098	0.0042472719575865625	0.0008650155288966516
872.	0.002718491733852413	0.0006439871017515086	0.0016818304369148646	0.002718111037905091	0.000764255226096811
861.	0.0031638698207747673	0.0010860325883716992	0.0021225949082660273	0.0031580694448445357	0.0007605528188924863
853.	0.004053163495639112	0.0015510751521710109	0.0028313722941332217	0.004098478237921754	0.0009211520805683612
767.	0.0038334594057488625	0.0016536724317575136	0.002751616862381718	0.00384839971622164	0.0008071666574885377
841.	0.0037003626169078707	0.001531624547066568	0.0026281564423097053	0.003722390371398432	0.0008029645226188035
1205.	0.0030210161133060742	0.000742190736659043	0.0018575550161571207	0.002972366608691268	0.0008259653615807993
822.	0.005787451667669696	0.0026662267934272066	0.004233932136315354	0.005805366779896293	0.0011565198744846177
935.	0.003381724210295256	0.0012725350552701409	0.002324851633575283	0.003375759562465941	0.0007658439105491012
927.	0.006704865209028021	0.003172274262705277	0.004528331011753761	0.005864930193475337	0.0009698109517624683
897.	0.003430534972872823	0.001278204274303807	0.0023002246727170687	0.0033238408042486345	0.0007492929985962539
793.	0.0033970866349029016	0.001228244117046584	0.0021961895509948416	0.003163243280647765	0.0007124761853432195
803.	0.004209228270443122	0.0006399760131973187	0.001981792339960962	0.0033246060812316403	0.0009888102262955705
967.	0.005058361007609036	0.0019436420986237435	0.0032685568478862206	0.004588146936654547	0.0009649431916953149
925.	0.005113493802966551	0.0024799384212442765	0.0035119492198537735	0.004541149622134144	0.0007561911849195971
965.	0.007542076074467108	0.003623300400716234	0.004751138344282189	0.005866824212218069	0.000804218277215906
982.	0.003218354420009617	0.0010256325607264083	0.0020902131254954943	0.0031518816311500997	0.0007778477285277262
876.	0.0050869757455090925	0.0022480069243959733	0.0033071851210613205	0.004372166650750575	0.0007811333655833545
865.	0.002554678844164937	0.0004910574992710304	0.001522826894632348	0.002552988357025554	0.0007580471644228555
1188.	0.003174474193504806	0.00109004387381606	0.0020942019690916103	0.003097390811625078	0.0007433649721287467
856.	0.003506247496667836	0.0016674889759188405	0.0026067074564634827	0.003544540267890084	0.0006812648352693424
764.	0.005508937533331482	0.00297750228967808	0.004252878846299876	0.00552328638863564	0.0009276858690447337
838.	0.005400803712598212	0.0028875214275512207	0.004150329326400521	0.005405558669542954	0.0009205390583338982
786.	0.00303778028912971	0.0005100625606316855	0.001692966836510387	0.0028757714277984903	0.0008742246828706614
874.	0.002877106859027201	0.0006938642642144721	0.0017815703663454402	0.0028679877690273026	0.0008027645939119853
863.	0.0036487859003252465	0.0009833127406978504	0.0022288879996807346	0.003467216534400408	0.0009073692144691172
855.	0.0025190310781914027	0.000404204945170461	0.0014519570035319562	0.0024991393964607367	0.0007678079473498759
1195.	0.0033894651320650615	0.0012659273220132494	0.0023205036831960187	0.0033730446556515803	0.0007785007811349712
3.	0.0015662304269690175	0.0003917137851300323	0.0009897439061199891	0.0015871403343068469	0.00043587916034016727
88.	0.0036980848702073965	0.0022559111883846406	0.002977281209441711	0.003697901841583251	0.0005338348920895771
1028.	0.002272468861471033	0.0004553164238353391	0.001355374076634592	0.0022539412471344056	0.0006656907673854866
1053.	0.0031844255545239175	0.000652252298904199	0.0018282654444920737	0.0030010450635566954	0.0008689819178426581
1067.	0.0060847406053908815	0.0022726724644517304	0.003280670145643657	0.004286537265447921	0.0007387497886203172
1006.	0.005590349829906249	0.0032956020107957062	0.004263119130030161	0.005229530298508811	0.0007056484441316558
1048.	0.002847381082005329	0.000488893732351614	0.0016528889009658897	0.0028152291477133717	0.0008586748286437528
1079.	0.004049271016291156	0.0011662302281005843	0.0024153220630797347	0.0036665651645154673	0.0009215162685121267
1049.	0.004007885191802507	0.0015717926713412211	0.002787217363125036	0.00400121428870337	0.0008975158526331637
1035.	0.0038207172795655664	0.001440949269536529	0.0026265682583221242	0.0038105436498430123	0.0008766931600313198
1066.	0.0037052785077937855	0.000999849545549103	0.002078260252436266	0.0031551391672672846	0.0007936085165470981
1019.	0.003326097747872958	0.0012353841951363576	0.0021771559164012718	0.0031175257778379706	0.0006923261439791942
1076.	0.004974251880320413	0.0025557182861615235	0.0035518084153129616	0.004545933882492359	0.0007300717268846805
1086.	0.003929748253070575	0.002011048579054986	0.0028495740969396947	0.003686835881103967	0.000620003791166052
1071.	0.00238658522252011	0.0009448544304331286	0.0016674125877489028	0.002388976892639616	0.0005327603806174904
1085.	0.00354264840837204	0.0009064807750635007	0.00206461244786119	0.003221362980952991	0.0008517751604701417
115.	0.0022660808420662537	0.0002535614316531154	0.0012716477481316889	0.0022884835906242795	0.0007315541876682781
632.	0.003904372326305916	0.0011498436449631777	0.002531351041275046	0.003913590482422458	0.001015395052221784
117.	0.0025387316968447093	0.0003619269641671474	0.0014958312002701685	0.0026273398324975217	0.0008145006644498336
116.	0.002091684907594371	0.00019787336321153148	0.0011768298448052452	0.002154585804042486	0.0007048504597034537
1042.	0.0028769319294420503	0.00047837525249749824	0.0016846023312438927	0.002887256487447476	0.0008854199476187468
1078.	0.003741236294150352	0.0015204871224111516	0.002502883172305726	0.003482508175312482	0.0007240767805494267
123.	0.002456674504784484	0.00033539066854670896	0.0014203886526728575	0.002504669918452773	0.000783846336893582
1045.	0.0037726583488282284	0.0016673584584947498	0.002704822488091497	0.0037400147475241674	0.0007595816540519442
1030.	0.003233893081501238	0.001372981273887297	0.002183020002655927	0.0029918150317498338	0.0005956381385118693
623.	0.008071572208795175	0.005999258573352262	0.0067968433350938644	0.007606610501729061	0.0005789795884283763
1065.	0.0028711504798807352	0.0006568511384540399	0.00170654155752352	0.002754681985560725	0.0007718474421755458
1059.	0.002063871763090308	0.0002804089025876255	0.0011453112298937845	0.0020086932258135404	0.0006343042603945779
121.	0.0025360672351747438	0.0004094908060592317	0.0014192242940895324	0.002430018851400928	0.000731197904763804
118.	0.001807564246336435	0.00017142525719382462	0.0010183905952973655	0.0018637984653371298	0.0006103210177917517
120.	0.002339251230464412	0.00022782213233130122	0.001323125883914327	0.00241710870770262	0.0007873135835837673
119.	0.001963868011332859	0.00017205250098062397	0.0010942089373238125	0.0020148881281571995	0.0006673548167730205
1027.	0.003049473795764701	0.001222733972552903	0.0021251014199911104	0.0030264513147708616	0.0006624573917375613
1012.	0.00970450207843121	0.004923641256062927	0.00597805710828473	0.007026838160699933	0.0007681074669164912
1031.	0.002345157379320062	0.0006166372656191133	0.0014761140058590558	0.0023348449380407033	0.000633095147041996
1033.	0.0039197367293158925	0.0010506934416891767	0.002451093131571153	0.0038481203343401216	0.0010192846147138116
1010.	0.006818642486187687	0.002508400313893988	0.0036104371863650776	0.004699930004935959	0.0007980854273474396
1018.	0.004429272509661519	0.0018200438894541149	0.0030734293173891314	0.004322757553489764	0.0009249354641707907
122.	0.0027189491450283487	0.00025177365938466867	0.0015214111687711204	0.0027890726064730975	0.0009190535249718832
1056.	0.005497633223781939	0.003486917142790702	0.0044407975501484205	0.005392896297094052	0.0007049879727966776
1009.	0.0030553407672300192	0.0007138542912465962	0.0018801088892304797	0.003044606841554054	0.0008628166976810536
1008.	0.0031792913718741156	0.0008964653185606908	0.0019903355501936833	0.003082850967631723	0.0008000552146982418
624.	0.002985386690090963	0.0013495297250099014	0.0021552294600798516	0.0029598520749096746	0.000593535187171341
1070.	0.003588644741529756	0.001114712806133955	0.002311564124980279	0.0035072085314739043	0.0008733528538250917
1022.	0.0035412884382403087	0.000970953794044882	0.002213482377551997	0.003453597284761578	0.0009185678404225034
1000.	0.003483204184772104	0.001828289742891398	0.002596979459941341	0.003364597443514583	0.0005607497365589679
1036.	0.003037015765958717	0.0014976851707664274	0.0022471291696182097	0.002995729664893143	0.0005539347362623811
1023.	0.002486148629379681	0.00044201739542626406	0.0014047893421363841	0.0023657463874050544	0.0007123402406941336
308.	0.0031883054029718805	0.00046577809849024376	0.0018097695135894521	0.0031501049415161297	0.0009896673573221407
1020.	0.0024791467616770424	0.0008243030603035661	0.00166402564038635	0.002502631265563937	0.0006137712523863108
483.	0.007842876975133972	0.005381448804714806	0.006112369603308608	0.006843252172190728	0.000540639240915886
1224.	0.0025779155523154573	0.0004055882602863603	0.0014885809499493082	0.0025701205125387983	0.0007991809074791847
1051.	0.0049869804826609965	0.0014954489279003225	0.0025852186702764244	0.0036738900900435967	0.000794476017282293
1005.	0.0034621064662716527	0.000952077447636035	0.0019241269070949436	0.0028944787458587973	0.0007167898684928561
1041.	0.003321269661481052	0.0005135770177127075	0.001752834656001258	0.0030040026016975307	0.0009103003280649571
124.	0.002097093467925748	0.00028706599638816943	0.0012129667183887565	0.002137857866089443	0.0006655008973248991
1029.	0.004119096983193127	0.0015373112371215303	0.0027242204821221827	0.003908953841951335	0.000871652424119787
125.	0.0022305082385738473	0.00027001385541192136	0.0012419672485251738	0.0022127957228166295	0.0007031773384182877
126.	0.002390902616300039	0.0003089103197514431	0.0013401930068810647	0.00236994328759077	0.0007410552719835199
1039.	0.0033637157514528893	0.0010484713921571354	0.0019698883358480494	0.002889691049005494	0.0006752555162496854
627.	0.021215120027128997	0.005204405729134387	0.00842905976143951	0.011515390580479234	0.0022932452193052395
142.	0.002296961152410071	0.0004491259711120188	0.0013530052875812865	0.002255499532549554	0.0006499577863276864
143.	0.001754906955228841	0.00016339000173359874	0.0009743271160678746	0.0017843809937155841	0.0005842150486890241
144.	0.002272679373505837	0.00023810802981005796	0.00127559911296154	0.0023113358920194838	0.0007494519594539112
1087.	0.004127873181477337	0.002204406550139537	0.0030445517583763894	0.0038836091501777137	0.0006130089204189825
1057.	0.003560250166736112	0.0012083394025947936	0.0022258733345845265	0.003242386710243128	0.0007486150120011747
146.	0.0024984271523679213	0.00035212606418566494	0.0014267916839962446	0.002500372994929445	0.0007736161019605086
1077.	0.003950375838457032	0.0013657803081118525	0.002305702828708033	0.0032447120181778866	0.0006936960810506479
951.	0.007930438339535106	0.00263705690869942	0.0036154626793574915	0.004589910451893053	0.0007095357784797776
771.	0.003735739474308386	0.0006915636754235566	0.0017636520185109114	0.0028264069925573176	0.0007843116934011535
956.	0.00532699368680134	0.0016946896184242277	0.002816518057143029	0.00393639132957968	0.000823013329192804
949.	0.003987359930454293	0.00179185928003045	0.0028291410304655644	0.00386496012307902	0.0007649987162671617
716.	0.011625925741204468	0.006149325744787659	0.007381547742025979	0.008610672997574897	0.0008944481862604095
758.	0.0041301714649117915	0.0011953404477733631	0.002156822296974926	0.003114966527036689	0.0006935980501083742
974.	0.003766206800027372	0.0016045262194379628	0.002599300437362649	0.003594566479550476	0.0007243638353020978
732.	0.005282598537821648	0.002132127664722594	0.003084808668443192	0.004035597372621935	0.0007047742076170965
739.	0.002779257578736205	0.0007535275759620319	0.0017387958139627245	0.002722625542333823	0.0007224170834307988
915.	0.012090150848689807	0.007002305521155439	0.007985217528144002	0.00896560399229196	0.0007028899657626826
989.	0.012166450249658678	0.006906842979056971	0.007907735042171123	0.00890582197718448	0.0007162256671248952
1200.	0.014868767284890172	0.008431772774712076	0.009866793442704025	0.01128775978377905	0.0010395853883692892
813.	0.003067786627565794	0.0005602270245070873	0.0016444755468261053	0.002729940181180446	0.000802260129484901
977.	0.008618368580882607	0.004148279605334371	0.005214426251799533	0.006278686851719173	0.0007829869286514405
721.	0.004126921553748386	0.0022299955384272874	0.003133771359918132	0.004038354727636473	0.0006682064657933396
751.	0.004077438359447738	0.0018766757366130982	0.002756249328304372	0.0036342521304133513	0.0006489937925867606
918.	0.0043038573257991874	0.002209434547972511	0.0031649445856252604	0.004120245912409448	0.0006894214533628176
840.	0.012213118148965418	0.009249164216132533	0.010181304535130511	0.011117426294101729	0.0006758401755052084
740.	0.0032757601857875684	0.0006344581438523234	0.0016502473549355639	0.002663906531505167	0.0007469697872627326
890.	0.005595131015469601	0.002136719148141064	0.0030497018052589703	0.003959660748324434	0.0006574233677520753
842.	0.00652906459952729	0.0027262625994366463	0.0037480929853750664	0.004768319000191923	0.0007528527746360308
722.	0.008010112913078848	0.004463279414384069	0.0054937602886850345	0.006517855876436385	0.0007610191993258244
910.	0.006783001149946899	0.003462795714772038	0.00447429344174966	0.005482546857640935	0.0007387001929588428
942.	0.005433751922538144	0.0023541008600487245	0.003533329734477585	0.004712078415532561	0.0008686122470535956
992.	0.0044010407888849246	0.0023164948843890087	0.0032704903554083577	0.004224137130749095	0.0006904667936816684
1194.	0.01260996082288346	0.006406268096003309	0.007527338199116456	0.008644427548220923	0.0008014983243642495
717.	0.00766329298502999	0.0030976901635408893	0.0041151382749344085	0.005130571411378959	0.0007392834878726772
1207.	0.005767981411664236	0.003428342320314526	0.00448984570903319	0.005555850731439604	0.0007792461437999835
768.	0.0065342941497639195	0.0027518156142074535	0.0037699784447495937	0.00478654095302633	0.0007487088052076298
944.	0.005945455897954588	0.0035899080482865164	0.0047243197958147425	0.005856629181795636	0.0008243606177771937
934.	0.00897490813841384	0.005165352971578274	0.00595444288819121	0.006749933801345365	0.0005794437624944513
766.	0.01545434513989874	0.008949557518738716	0.009937345963876435	0.010926949990457513	0.0007150043348194015
778.	0.008727267875408562	0.004696443435665332	0.005538495810696968	0.006380401091156007	0.0006156000732470365
796.	0.006487953494925036	0.0019476938988588488	0.0036543291149242142	0.005349694589287135	0.001254359949457058
906.	0.004900434731890169	0.0009072557144473858	0.001982922716462213	0.0030538168653883035	0.0007908501270029293
888.	0.004361624933067354	0.001626541790331948	0.002742574752446542	0.0038448061738209915	0.00079296889921357
976.	0.0064625077202898895	0.002722024002078438	0.0037931783624139273	0.00486367179521674	0.0007898536195955678
821.	0.004847106217193198	0.0030185948728786993	0.0038360920803299755	0.0046544699600630235	0.000600426142206672
900.	0.004070096828218017	0.0021177834767235337	0.0030725483398560327	0.004029898047042124	0.0006888371996391501
710.	0.01100249521451202	0.005478220210019091	0.006526559721326507	0.0075714328185243485	0.0007543096952963053
830.	0.011157351238079816	0.005504203547777475	0.006579394414068547	0.00765083906160946	0.0007728222375436997
908.	0.004553336834333677	0.002473838049207644	0.0035059903115870167	0.004535409443996552	0.0007542505589229721
806.	0.006273265361773195	0.0022394084885560828	0.003469499181713774	0.00469830379413172	0.0009020657540976925
886.	0.0045204449662087365	0.0018798754852075161	0.0029263174051258043	0.003976583498256803	0.0007618550518756751
789.	0.004370417413574135	0.0008092713261418361	0.002410811128353383	0.004009989864124375	0.001157565390441671
943.	0.005634584687290944	0.003023842962534884	0.004127128508883281	0.0052120124267434065	0.0007925005765247662
798.	0.0059752920988319635	0.0011760937746513322	0.0030140995956678246	0.004852690647667912	0.001337393758109143
958.	0.006574350904594017	0.0037422921208930537	0.004834442874177962	0.005921570354538885	0.0007927911586920769
1204.	0.006297535817016309	0.004144154597916061	0.004828149011733647	0.005515939176489959	0.0005059361112453804
991.	0.00945085734595763	0.003985337121217181	0.005126079629424727	0.006263880719072801	0.0008335284531934441
928.	0.005979592803161515	0.0015656229033279567	0.0026632726841662444	0.0037651165080487825	0.000803527453473399
896.	0.004883225279246117	0.002414328425842216	0.0034936548120821287	0.00457117010942909	0.0007870717450162533
968.	0.0030106327406406175	0.0006435558264584751	0.001808499119680438	0.002979414612593323	0.0008515075708723273
772.	0.01079311235582181	0.005118072229014947	0.006279049203025366	0.007432258860114782	0.0008355397781961053
791.	0.0043520308493876225	0.0014816389704466193	0.0027752689145964277	0.0040678239775708835	0.0009512552967524071
917.	0.009000776811696087	0.003724004641779244	0.004872979280508462	0.006019098241699106	0.0008352786934393777
780.	0.004400750588118396	0.002055259395058462	0.0030371298639351625	0.004015204542713091	0.0007075560149643947
898.	0.005708330087192737	0.003081657427315254	0.00425544853560635	0.005429347466943568	0.0008653831506254869
804.	0.004034423280367627	0.0007489966914672186	0.0022346386145529248	0.0037190093823535886	0.0010730749296874067
731.	0.003558218904139876	0.0010719894165491795	0.002011184696978564	0.002949120441554931	0.0006924705664638351
814.	0.009365499403560906	0.004405277320622236	0.005557939949523762	0.006709005567787529	0.0008522480034759437
808.	0.01005698878289274	0.0063565713409751146	0.007222164815470482	0.008085182231053922	0.0006315133206180233
757.	0.0037508934786835146	0.002087399705697379	0.002906695943123499	0.0037245717827877334	0.000598408193271118
711.	0.0050441428215157735	0.002811295827031657	0.0037936241559056753	0.004775558179693995	0.0007140007571617179
950.	0.008005616636360902	0.005158118542148538	0.0064441273820449434	0.007723173810381567	0.0009368206757172017
937.	0.004599648917128163	0.0022322826121458084	0.0033743590641578734	0.004513846302973912	0.0008351924112245705
794.	0.00903747896270557	0.005472269369424243	0.00688714007241457	0.008296936454708081	0.0010419385303775377
984.	0.0056403422751337695	0.0034970663009198377	0.004270692350437855	0.005049301000650819	0.0005630988948735067
1215.	0.01227675776269832	0.005609390353197075	0.00658404013110357	0.007561217160053535	0.0007221818376556756
820.	0.008365805806722082	0.005892263739845971	0.006841469654607146	0.007787749744587957	0.0006915579887284312
957.	0.007796813065609531	0.004214173010235411	0.005234333723246625	0.0062533039107707244	0.0007349596449223989
770.	0.00418996436294039	0.0016428299307149619	0.002610255839853058	0.0035765035980248605	0.0007143636834776815
1193.	0.014539946692599948	0.01040259044285008	0.011053314813538781	0.011701104476717239	0.00046416631772420975
1197.	0.007324192453948775	0.004295010190131898	0.005436726308595536	0.006578429142720443	0.0008328479112956644
752.	0.003988608181205167	0.0012925115456554614	0.0022826316470591105	0.003272619728491466	0.0007308123182139921
936.	0.007482215828243155	0.00408576619919454	0.0051059170823117206	0.006124407558376843	0.0007540642432969199
720.	0.00473253847244115	0.0025556863023598053	0.0033481385053456864	0.004143430228643941	0.0005855695280419216
924.	0.006795845177450799	0.004024932548384874	0.005027440761866395	0.006029087046607984	0.0007278625187946563
715.	0.005937033389405766	0.0036071013460063917	0.004739904091607781	0.005872649616623704	0.0008279928462372166
983.	0.005897229979953789	0.003746454592919002	0.004766118246157157	0.005783065374514784	0.0007514708037156434
823.	0.004540865890711232	0.0014863751129047253	0.0026859916503731165	0.0038949921361866036	0.0008704953404742817
829.	0.012016425297095124	0.008046300039501464	0.008734778436576093	0.009428432712613954	0.0005086046445979388
765.	0.003969777028098753	0.0020777541400824884	0.0030286227475298283	0.003979067282787518	0.0006973041287391828
709.	0.012141946223270361	0.008122123920958901	0.008827081372565297	0.009531660316232315	0.0005138485916449248
839.	0.00404067407181985	0.0021226771657248955	0.003085932517324699	0.004048696815540209	0.0007052373932674974
981.	0.01181426928334306	0.008021939768846686	0.009305621180588723	0.01058058055821598	0.0009159209865879214
812.	0.005685687396662309	0.0020126638983299916	0.003066547186051773	0.004117945259726308	0.0007773619006635326
964.	0.007596751944854208	0.0038463977415137407	0.004809943696506479	0.005773328739408834	0.0007043037848957189
966.	0.007239458985769054	0.004674803371623626	0.00584120009596187	0.007010064984898645	0.0008495231100475648
777.	0.012453657634457826	0.00876029038221049	0.010035604880413475	0.011302243178773264	0.00090981877336411
926.	0.00855467164766488	0.003640207150045982	0.004713799251794286	0.005784465857795129	0.0007787986944199103
787.	0.00967648381176911	0.004378550934839076	0.006202222566927075	0.008026567738999457	0.0013126943817974486
873.	0.004374628070931363	0.001821906630331771	0.002833956912382191	0.0038456940929501027	0.0007347172047297747
748.	0.0034812219178755877	0.0008640717105795614	0.0018515998653897124	0.0028381844263498657	0.0007164754265674938
749.	0.00421215098889538	0.0022568432239302716	0.003164667587696724	0.004070986237516228	0.0006619249321223167
1800.	0.007134132202508359	0.004261688089330251	0.005077795141058767	0.005892771080539538	0.0005927500985991711
1846.	0.002437713585114576	0.0005604268699069825	0.0013435088453384511	0.002125659271460134	0.0005714904782742196
1833.	0.004176049733553566	0.0007437240606724682	0.0023860878767422897	0.004026819429538975	0.001211880920275596
1515.	0.004069093449520111	0.00043643994440156764	0.0018653330626109833	0.0032878513026078915	0.0010528333722982087
628.	0.007104458024882243	0.0019034315780410704	0.004112748047709045	0.006356534903428024	0.0016426389266903372
1874.	0.003211276112679684	0.0010251484609656858	0.002106141730454742	0.0031751620323148266	0.0007905821796822537
1704.	0.0028621842922165186	0.0007897314606797323	0.0018141731734864378	0.0028366762734993722	0.0007484817921587961
1762.	0.006067460466974817	0.0022016142903726887	0.003774824036214996	0.005347841786845664	0.0011322513092559268
1888.	0.004624401879861684	0.0018232303563906482	0.0029903020596971177	0.004152470958135979	0.000848993440190328
1868.	0.005533417266605722	0.0023071031789193563	0.003249610010695416	0.0041918590905353215	0.0006942889921369259
1518.	0.004618180380664749	0.0016568331120292434	0.0026164869017620274	0.003573988056194688	0.0007018736157706227
1890.	0.002338993140773571	0.0005702822504057847	0.0013922417485232677	0.0022140542399318175	0.00060698304366732
1991.	0.11020354014764722	0.012721396939675444	0.04453028525498474	0.1263492415366112	0.040488463034351226
1981.	0.10350610871920274	0.014596054899807531	0.02057741277642424	0.030166375674623103	0.0046003957723131554
1987.	0.08906855554913018	0.016888169900589056	0.029940354106806115	0.05515855537063097	0.013471072481192992
1956.	0.003901141007798037	0.0008350152313236769	0.0017902151708425224	0.0027365408143450454	0.0007009709152085862
1986.	0.04048628394781295	0.009765575866452658	0.022335055982373626	0.04836300246376579	0.012325127760218624
1988.	0.023007651154017705	0.012419642589898472	0.03326455950786957	0.08860921945944245	0.02427723266093622
1782.	0.045000948398909335	0.013392217022978548	0.01991918345676992	0.03731778136424313	0.00762078245778664
1983.	0.17169992051783212	0.017329039759058196	0.035465718366854	0.06675712456601168	0.016621272119490594
1993.	0.039163099159203574	0.013577289016932559	0.02347878266648504	0.026063931200988266	0.003244839821735233
1915.	0.00901152105772407	0.0036221168050243335	0.005421792083133267	0.007277057011139676	0.001325285904185569
1948.	0.005291368748891356	0.0009015716017182207	0.0023551048705552488	0.003791529710550412	0.0010664299736020608
2003.	0.009064843531520816	0.0028345460100013264	0.003954667173887998	0.005093125509760155	0.0008107738033069237
1954.	0.005809996666816364	0.001014446389978385	0.002395375524564348	0.0037537242484804167	0.0010065023033452376
1946.	0.007459541107621814	0.0018970309572233779	0.0033081065641051475	0.004713086472819317	0.0010183958616365775
1982.	0.08639616492746283	0.012067394908059303	0.025734290563050388	0.03937321072800426	0.008551388254227764
1995.	0.03221615664075406	0.019449907464667016	0.02746588507332354	0.04026195851574499	0.005170429477518081
1984.	0.06647967161960733	0.007704843556277985	0.024599093949505414	0.052476801002880435	0.016041998448153055
1928.	0.017525561420229097	0.008403027417200781	0.009063750865080619	0.00956941114527976	0.00038538362095917627
1997.	0.004438127889787702	0.002055986779083918	0.0033000900906523917	0.00450206431981337	0.0008781461931070833
1989.	0.07288327204809453	0.007439754233955598	0.02355043649746116	0.04196566312029726	0.012617788396496667
1920.	0.0113833646788849	0.00295593689548157	0.003707466879438927	0.004481011634843157	0.00055225855069703
2009.	0.007372521521120334	0.004149424141214775	0.004535823620077019	0.0048905501251850225	0.0002537586109113939
1994.	0.09982689044228832	0.009375952835150025	0.027384967300939138	0.05784810705990073	0.016980733537932984
2005.	0.006611298054897241	0.003705464839662831	0.005207868806446803	0.0064397165901391995	0.0009617554873356782
1926.	0.008466583772483993	0.004440000105608077	0.005432425964277597	0.0064176644496348745	0.0007172748196789972
2081.	0.01771446987856362	0.008024770194655084	0.009691475829798898	0.011144425347712428	0.0011342374755181697
2007.	0.013155834471250571	0.006633272430725423	0.00809132457700229	0.009456895538806132	0.0010143693015060567
1918.	0.026829592506281807	0.010491069513644868	0.010735187486524564	0.011071839935345107	0.00018630736431118506
1958.	0.00403294781740271	0.0016138562447172156	0.00260327862424123	0.003594080579119141	0.0007240484158256726
2080.	0.02128243680657671	0.00710148533807764	0.008735874493176874	0.010197946326145124	0.0011399662052840771
1924.	0.007660496951367279	0.0037841005415379936	0.00486418451480529	0.005941509748122686	0.0007790871639616201
2000.	0.012441451286953953	0.007352220399075016	0.008800001371659956	0.0103633923972829	0.0010799354167878895
2012.	0.0266530547763989	0.011665267122799583	0.013418873729685558	0.015069871798659262	0.001247354555020945
1945.	0.005496421408791363	0.0022219187980697663	0.0032414167086092555	0.0042635387383975765	0.0007471484713668785
1930.	0.015898782088296537	0.010794239985723375	0.011697880218723245	0.012471197388619015	0.0005862465589021961
2010.	0.009603077084323952	0.003245111478246021	0.005456714256330685	0.00797044649033296	0.0016743139882399029
1992.	0.05321933535387169	0.01726506030449204	0.04242462926024052	0.10232164067588145	0.025928335454332548
2011.	0.014070445723601277	0.005291077651093712	0.006954941560248763	0.008702932484885961	0.001230001549791878
2044.	0.012482533648872751	0.0063888984424489426	0.007713343000903393	0.009025153387710705	0.0009515596874207368
2075.	0.018547841453065095	0.004715398433102425	0.006573842581538039	0.008222209672492542	0.0012734743947904028
2061.	0.007762089039753173	0.0032074895757574495	0.004377649541776332	0.005406621902944941	0.0007874909834280814
2001.	0.011019279417570638	0.004598504003545889	0.0057308885458660615	0.0068530198555230015	0.0008237367578487257
1952.	0.0077590502985771526	0.0022746620344442636	0.0035975856100510135	0.004920156237428475	0.0009495132335499907
1969.	0.013121566368408777	0.007894135505033595	0.00822738698781252	0.008551195954169755	0.00023604847120274348
2065.	0.011318752899919793	0.005618359921119476	0.007024247051582222	0.008414366584074684	0.0009885984528866536
1979.	0.007536116394722514	0.004217996810258473	0.004935107165649864	0.005649815384443202	0.0005166708531191331
1968.	0.008163800940823585	0.001895827536249839	0.002861735549828614	0.0038387375812598545	0.0007061328823070805
2057.	0.008559179764330294	0.005175575259168674	0.006713173713712424	0.008159033722303533	0.0010718674365661443
2048.	0.014302776641742843	0.005975076388817446	0.007293275241649706	0.008654965684293248	0.0009587929774159348
1999.	0.015670489139711252	0.004779901342763182	0.0064508581692372495	0.00836615656907691	0.0012670926665828228
2053.	0.005123110396041741	0.0017690584112303176	0.0031076622125001713	0.004392993292670733	0.0009595789339496274
1921.	0.01221531286689026	0.007063503882606237	0.008020775295877294	0.009096449145902685	0.0007238174000049819
1975.	0.004800828134518542	0.002875064764604973	0.0036155054574302315	0.004356236024122384	0.0005337954130984106
2058.	0.021455147125951646	0.011348602475815706	0.012731698029744574	0.01391891796221656	0.0009307561931630216
1971.	0.014337369762636887	0.003333314852613123	0.004542535140365149	0.005751638955789118	0.000868618758840119
2052.	0.0063608452661437775	0.0018961820663853102	0.0030968858183785066	0.004134479424976578	0.0008323876571641955
1951.	0.004271037883642803	0.00123441968664173	0.002435822928456278	0.003630158777490955	0.0008623637508517505
1973.	0.006788148306691721	0.004082246928948541	0.005368352463882125	0.006635128121212364	0.0009157033035776887
2054.	0.013774924254428167	0.004233307555135957	0.005292723489889245	0.006321739483705624	0.0007479152933323087
2043.	0.007032981916729075	0.002751670196882161	0.0039010323230415193	0.004959751129894885	0.0008136520052444386
2045.	0.005406150393730491	0.0028047767069611096	0.0038978156171759508	0.005120358226014088	0.0008313112767837847
1927.	0.02213535191944349	0.011609235546143903	0.012471656920354209	0.013120692715534732	0.0005539452826097321
2049.	0.01419965966895742	0.003941938179307325	0.004554057380519962	0.00510178244185544	0.0004101932076061037
1959.	0.003776268275639816	0.0011818783305699299	0.0022682703678646074	0.0033519811271015554	0.0007832226828078931
2070.	0.02024651807825817	0.008634612411518416	0.009768588897885157	0.011244345686918344	0.000902507801201724
2064.	0.004616320060772727	0.0018942232852917629	0.0031132677877349292	0.004402276559387741	0.0008957015005305306
2069.	0.009600172774590576	0.002493222149952956	0.003991946489973686	0.005590810129141199	0.0011232392470254438
1957.	0.003547750414099715	0.001214060310033127	0.002136185268552867	0.0030549746043553316	0.0006736384188506772
1977.	0.008833816325355626	0.002765371057293131	0.0036202826900498465	0.004499821525587477	0.0006424937953912367
2073.	0.018781596220380226	0.005083962212723558	0.006971850808389442	0.008765086887663642	0.0013390809819871453
2079.	0.015473458863664469	0.0075471394787692825	0.009023703074279616	0.01029977035644658	0.0009681279297204899
1923.	0.017618246183763397	0.008137251424870984	0.008878716583756451	0.009500478692382575	0.00047688903784184227
2004.	0.021789225528489164	0.007685748535209425	0.008602742895622805	0.009669725353524727	0.0007144214378389804
1953.	0.0038875987176326676	0.001142054035052964	0.0023617216955364715	0.0035758841534825336	0.000882245043366667
1947.	0.004768066207397337	0.0012425709934529294	0.0023330536278980433	0.003426312729131964	0.0007841303199352265
2066.	0.023869409939103248	0.009312541475330005	0.010581180186317133	0.011684885941376177	0.0008427169792210719
2017.	0.008732185456719388	0.006148187220010981	0.0069030242310288824	0.007682447912757406	0.0005626282533372867
2032.	0.009837108518282456	0.00456028235587469	0.006503952440929328	0.008368835171250089	0.0014105058580260092
2074.	0.015242309571169455	0.005303247743614903	0.006194594514864709	0.006943951443116769	0.000613584757363871
1972.	0.005057102153546267	0.0015988113398472947	0.0022361495164571147	0.002903180664735938	0.00046774937182348086
1998.	0.0072221372106139325	0.004305228776133596	0.005666305350872253	0.007171019427824943	0.0010545276851051417
1978.	0.005457133718114737	0.00211640278120262	0.003460232164085726	0.00480084360292532	0.0009654002942975375
1917.	0.006279968766276123	0.0023453860532374193	0.003558791047689202	0.004659195359505652	0.0008144116376261909
2037.	0.015710474987534084	0.006717529960758806	0.007491431551598727	0.008328361411519491	0.000569165087860325
1929.	0.011307117060953775	0.00491890729727118	0.007060778793878826	0.009335451290177765	0.0016111457356385377
2039.	0.005842414673868146	0.002621594706629815	0.00405626006118153	0.005443112132231365	0.0010376867477267257
2016.	0.005069192889095686	0.0027775680790870227	0.0036276898209090685	0.004412578792606481	0.000597455984679773
2006.	0.02576346676522301	0.01032265826741563	0.011110960030101763	0.01177895805042306	0.00048815982791888796
1976.	0.007262567063628156	0.0019635753556416224	0.002933892299230544	0.003926098771456998	0.0007167227410336886
2015.	0.012567984092168527	0.004615921027966041	0.005245271784230589	0.005766102451345678	0.00039271686274118387
2027.	0.01152622918062518	0.003006803638416544	0.004214904236483426	0.005393911885594016	0.0008527174165467047
2038.	0.0212919174668893	0.00838481364347754	0.009899939106323379	0.011598309990064615	0.0011519242912657918
1922.	0.019214011287536636	0.010044611280285332	0.011412861012806964	0.012662201777476123	0.0009833966395607077
2023.	0.011167437417360815	0.003645665188972691	0.004518380010972848	0.0053800015094586096	0.0006295841569901427
2022.	0.01127706230281944	0.0034248765614302012	0.004771387548598965	0.00618517750856995	0.0010027772419169288
2028.	0.016571648356814017	0.002997956245862188	0.004911252000970246	0.006787452140617711	0.001394113003042032
2034.	0.005643468250003725	0.003791617611649589	0.004618840606362309	0.005567469279656012	0.0006493806412407037
1916.	0.01256754798396198	0.0040908451289600745	0.005176709844843893	0.00634270723732544	0.0007887886599710301
2021.	0.023167827387559625	0.007896323197781552	0.008739170246319098	0.009527890630134817	0.0005628588121944969
2033.	0.010724329371624708	0.003307900460480906	0.004339207221198854	0.00529030396528285	0.0007240552381757853
58.	0.007364586471617418	0.0012745909751501472	0.0020240852099063047	0.0027789919381705497	0.000537726445280154
57.	0.027732202854858445	0.01744653809268404	0.021738954832130352	0.02598868353292183	0.003099892871416133
62.	0.01319053609062204	0.009159217256252239	0.013046070252228467	0.01663095064384057	0.002734932715705543
165.	0.1437611476732138	0.053715395775405406	0.1397444045832431	0.3328723323892334	0.10057875952726655