Case_No	mismatch[standard]	Min[mismatch[fancy]]	Mean[mismatch[fancy]]	Max[mismatch[fancy]]	Sigma[mm(fancy)]
163.	0.004069554304073519	0.0013046744297517954	0.0024659749903675927	0.003623471614519591	0.0008585220908158935
161.	0.0033977958415799536	0.000903167542480876	0.0021196025182336526	0.00333320829468986	0.0008986733398765082
164.	0.0025411316997326905	0.0005475554479406064	0.0015489561605145257	0.0025480346015969157	0.0007364695712870422
963.	0.003447841638564486	0.0015309363759032912	0.0024951550721590277	0.0034581875592067934	0.0007079662756622534
1129.	0.002780372458829228	0.0010132461039803475	0.0018921219714037913	0.002770018876091629	0.0006481273157288863
1217.	0.009179347361052193	0.005388797058652139	0.006758344334902728	0.008108750167895473	0.0009746680379997318
887.	0.0032871483392761247	0.00127846833281553	0.002237351544163974	0.003194660528328397	0.0007036635130999347
1189.	0.0027061010807485353	0.0006339942448415625	0.0016500650854256607	0.002664535955238967	0.0007457184953232177
790.	0.004167571284940497	0.0012254174063335288	0.002451033618208592	0.0036744095959609924	0.0009053958399968529
907.	0.003508938204877299	0.0017186402358536634	0.002582157110017281	0.003444607262721777	0.0006355327956750987
788.	0.005677415990131163	0.0020504270209136255	0.0032522531970518445	0.004449480465899991	0.0008869128248860281
872.	0.0026814325211129697	0.000566535695512127	0.0016050694496107178	0.00264245406230712	0.0007633782141671614
861.	0.0030629786907800938	0.0009410198167798534	0.0019849545645509764	0.003027671334481341	0.0007677886555943666
853.	0.0043286502594175325	0.0015848895889465364	0.002871087030667204	0.004145646949505033	0.0009306812740962642
767.	0.0037732108559376254	0.0015690969215593764	0.00264564081384475	0.003720493468106545	0.0007931375840519501
841.	0.003663964312009549	0.001456017104956353	0.002537098846967625	0.0036164930033365517	0.0007940350333945632
1205.	0.002932978162331623	0.0006858870303146913	0.0018038146808932402	0.002920070437791189	0.0008259172750571214
822.	0.0067177144468367755	0.0034419389471714856	0.004993531415754699	0.0065446941516108526	0.0011330526446834224
935.	0.0035346711971293576	0.0013635153454223392	0.0024257148194711305	0.003486273775548776	0.0007732074246971556
927.	0.006996361826054787	0.003842040436344729	0.005287192638145176	0.006720177469236033	0.0010373572238063504
897.	0.004139943465365836	0.0020367152077336304	0.0030649749772350106	0.004091580720642307	0.0007530858181978124
793.	0.00393569022105944	0.001424185071266515	0.0024093866719383226	0.003393110951465883	0.0007239312657325133
803.	0.004854255871386215	0.0010016843755075167	0.0023717974328582633	0.0037387009226265144	0.0010043091601048537
967.	0.004868415404067794	0.0020066429411012	0.003334477189897222	0.004645470843180455	0.0009713951491329745
925.	0.004733746951474216	0.0022101199459246823	0.0032264361545500018	0.004240624492374057	0.0007472924555406531
965.	0.006758903831214691	0.0038993158048268306	0.005002222831070985	0.006107672555282773	0.0007910624500888201
982.	0.0029482317270339564	0.0008601869318519695	0.0018995193729097564	0.002936361144725952	0.0007624099836728497
876.	0.0048818781074700945	0.002342793090336248	0.00339902702460897	0.0044578877999778	0.0007739832616254428
865.	0.0025021211316336167	0.00046362475706374084	0.0014869690514769305	0.0025093752887294096	0.0007495662323086732
1188.	0.0028267662920863357	0.0008089312222235856	0.0018090756057247785	0.0028066932443262527	0.0007371689193628303
856.	0.003669700877327209	0.0017633800042037295	0.002703767712447593	0.0036422977115273536	0.0006848631055968739
764.	0.005296190099127851	0.002559074328593036	0.0037940670950310455	0.005022039790476773	0.000894718047970742
838.	0.005187294635655371	0.0024885250996935504	0.0037107745091307653	0.0049281423045671735	0.0008895878020682254
786.	0.003018315629292889	0.0004983431318976717	0.0016695078952259318	0.002839771131615376	0.0008654525664902305
874.	0.002957560029979711	0.0007840052401988373	0.0018702172235759667	0.0029557361482113187	0.0008020251427600036
863.	0.0036870988451480624	0.001151425758180502	0.002396103488181486	0.0036318939160722152	0.0009052820605588796
855.	0.0025386581894302207	0.0004512413627474343	0.0014918562408891927	0.0025303894513016845	0.0007614479104345224
1195.	0.003122632278628079	0.0009479006880513952	0.001992261449055164	0.0030339560273408006	0.000766506419305911
3.	0.001590664571169631	0.00041701248325698437	0.001014471367622333	0.0016112968151401619	0.00043537614309961285
88.	0.0035126790521267104	0.002068470303141945	0.0027900578617509105	0.0035108952876037325	0.0005339701119392379
1028.	0.0025048946739846256	0.000701772720592575	0.0015989006294762182	0.0024946253727153866	0.0006628630917761654
1053.	0.003083533281533768	0.000572329678072192	0.0017586182409165831	0.0029405512839424386	0.0008770631901373354
1067.	0.00432268437164518	0.0020169915423381424	0.0030347975880049586	0.004050927565415474	0.0007433630028212433
1006.	0.003321951746764973	0.0014283328818832652	0.0023772192933816435	0.0033249043048672045	0.0006936170074974978
1048.	0.002926014356117612	0.0005191418101249123	0.0016937287325440177	0.0028644516915399265	0.0008654797310165694
1079.	0.0036839206801136948	0.0007257925166486157	0.0019720369705928755	0.0032225269639380993	0.0009245247822872087
1049.	0.0035696735607700925	0.0011431868520200839	0.002341382196539386	0.003537425658887705	0.0008847853309595162
1035.	0.00306674067932855	0.000655706254306887	0.0018292576250923927	0.003000422872074915	0.0008678224878262721
1066.	0.003999304399545878	0.0015350017526309934	0.002600070526892611	0.0036629843223925374	0.0007852660615807492
1019.	0.0021676673970518756	0.00026854344573468136	0.0012119428034221941	0.002154274595017047	0.0006952687908257186
1076.	0.004292406820620154	0.0016534014846713019	0.0026358022071309413	0.0036164162024155955	0.000720119830124077
1086.	0.003890211641197072	0.0021970817839928047	0.0030358690957805875	0.003873613357536221	0.0006192894855039687
1071.	0.0022795017675630858	0.000777052891284491	0.0015118858037311833	0.0022459874814926284	0.0005425236876261145
1085.	0.0030453106746745062	0.0005596927270942187	0.001725375530899195	0.002889218062975707	0.0008587913455536611
115.	0.0022766156140590077	0.0002938951670942158	0.0013079252157583484	0.0023205317870175213	0.0007289305841955752
632.	0.003966123946914313	0.0011322757819900442	0.002519126617515114	0.003908087042360231	0.0010241302543076364
117.	0.0025428266833775748	0.00036491241406266806	0.0015018127016438083	0.002636579873380951	0.0008165347100704384
116.	0.002113659296524406	0.00021568530323834434	0.0011964893530109237	0.0021760601244278366	0.0007061440007235242
1042.	0.0032483052237989307	0.0007685509646188082	0.0019807365854379246	0.0031902990719329116	0.0008874425816056518
1078.	0.0031948662506507963	0.0010455549922984142	0.0020159568802694725	0.0029850096079208077	0.0007178449822413621
123.	0.002346229512556919	0.000252306933019697	0.001331743227510356	0.002409300191980379	0.000779963433599159
1045.	0.0024153488922509236	0.0002964893352463971	0.0013589574056669146	0.002419490568383864	0.0007753108096094381
1030.	0.0026960836860550064	0.0010223284877738381	0.0018441924684539726	0.0026651591027065935	0.0006029101951430974
623.	0.009116986048665177	0.006968419152391547	0.007926156798100084	0.008883714887239824	0.0006857910380711203
1065.	0.0028142374270747617	0.0007137857632849576	0.0017458562686646997	0.002776726534242435	0.0007604290808433357
1059.	0.001958518264591924	0.00023638809510917458	0.0011021804460860732	0.0019668108794898	0.0006347760145270302
121.	0.0023643140940918794	0.00040237353759087213	0.0014046473674377545	0.002405548645312394	0.0007243268276763737
118.	0.001824475139804771	0.00018827319763514705	0.0010356491168291451	0.0018819362908146786	0.0006108212192341598
120.	0.0023216408826590706	0.00021663688622153288	0.0013136933801035486	0.0024093693909543745	0.0007888899172382781
119.	0.0019780414192719364	0.0001773540735193757	0.0011044205775374888	0.002030312334229567	0.0006705307706746177
1027.	0.0025077098264137954	0.0007478623064118839	0.0016254911945102176	0.0025019171449530697	0.0006459455535761848
1012.	0.006028441848433763	0.0021885824953261634	0.0032744466818173164	0.004362296313886516	0.0008024579070011455
1031.	0.002486442383515697	0.0007359445843416745	0.0016045808672906768	0.002472105442811401	0.0006401846526652128
1033.	0.003950241832025303	0.0010977868253063683	0.0025045454098134036	0.003904658869698041	0.0010280005788361989
1010.	0.007867335338356707	0.0029798254629492815	0.004134539738386004	0.005288024904638866	0.0008331045253826629
1018.	0.004159936624497651	0.0015644733012457612	0.002808271372378797	0.004046177243281046	0.0009169786201087114
122.	0.002715522982997376	0.00023854626253350109	0.001513330444760861	0.002785873178491771	0.0009222354191709876
1056.	0.003107502265154216	0.001144053985732807	0.0020901998139162695	0.0030351672381828676	0.0007000905860930119
1009.	0.002903218750976766	0.0005482246596920648	0.0017047198651855978	0.002858586137510555	0.0008551870899375496
1008.	0.0032144074069283546	0.001054335148212071	0.0021407213859108284	0.0032257846254493128	0.0007952080631830483
624.	0.0032305315467018314	0.0015864934224368854	0.0024042379900445273	0.0032210944185835366	0.0006039364861648859
1070.	0.0036983723910557487	0.0010733285286795846	0.0022565048803998566	0.0034417286363929156	0.0008641594433213845
1022.	0.00344165403368879	0.0008607457345639613	0.0021281719990494876	0.0033942851697426057	0.0009370449775701339
1000.	0.0029705708605267667	0.001449985805910492	0.0022198032380449585	0.002988768273952669	0.0005621890399121968
1036.	0.0027479095750503335	0.0011680833215351738	0.0019288076175617457	0.00268879111241771	0.0005614205133392928
1023.	0.002226000627065794	0.00031117086511578407	0.0012682058165684542	0.0022237641152925702	0.0007084722782884561
308.	0.0032347685349460864	0.0004983242627083495	0.0018545316456531743	0.003207937937242611	0.000999920672818281
1020.	0.0027493161223113294	0.0009845452204314542	0.0018262901434338127	0.0026671411961112224	0.0006145925612739364
483.	0.005030149523358007	0.0031886644629334215	0.003961217635199653	0.004733479676642394	0.0005671530595911791
1224.	0.002624723864767642	0.00039416414521165066	0.0014763925330896924	0.002557162358195142	0.0007986015652305817
1051.	0.004236077401354232	0.001630122147242119	0.002710359846210531	0.003790464686008077	0.0007903452836026218
1005.	0.002905457724785232	0.0007343487367245105	0.0016879423071229625	0.002640565738537659	0.0007046323604318923
1041.	0.003462315696984186	0.0006824483140690507	0.0019157951832262311	0.0031558620253979708	0.0009080129946038914
124.	0.0020917293099221856	0.00030790052140361457	0.0012321158135402107	0.0021551614126188445	0.0006648814392389281
1029.	0.0036264293509841172	0.0008858363201927899	0.0020440333694533575	0.0031993693085522468	0.0008530829130232146
125.	0.0022144615725853134	0.00026732491088443666	0.0012377222128180983	0.0022066595041811965	0.0007027679089430079
126.	0.002286131903929567	0.0003099810711115758	0.001337708331486363	0.0023637800204346915	0.0007384766168976866
1039.	0.0037330511965726343	0.0014147481546479268	0.002329417518159542	0.003242840231477917	0.0006714890308556427
627.	0.013775811920697656	0.005801417388235697	0.008849693442534454	0.011746032152537333	0.002160547560440586
142.	0.002150793246561755	0.0003626486417861452	0.0012816398826099862	0.0021992986790410063	0.0006612095427561834
143.	0.0016920217963939388	0.00012854514217541801	0.0009389874834456932	0.0017485536886870934	0.0005838332097401601
144.	0.002198477489018691	0.00019169968760113232	0.0012236536411824159	0.0022543048866686677	0.0007459943571422818
1087.	0.0033677071840219064	0.0015063477707252249	0.002345082226905326	0.0031825775820495394	0.0006148039070777981
1057.	0.0029196500448639418	0.0006676429589717037	0.0016641671046605416	0.002659165993528334	0.0007341846209174279
146.	0.0023660416091899616	0.000304010199533189	0.0013733916524291097	0.0024410369691469924	0.0007693212539756296
1077.	0.002715676002074896	0.0007466422589138544	0.0016979521512253707	0.0026482177511247817	0.0007040648044177068
951.	0.0071309970207692475	0.002371965806871601	0.0033605502362776844	0.004344473433541052	0.0007167813434001035
771.	0.005555581913492369	0.0011974275912782772	0.002316452849039942	0.0034244634675445473	0.0008189140268579164
956.	0.0044215489797139185	0.0017685093758033066	0.0029123867252897275	0.004055621959414224	0.0008368193641600069
949.	0.003909445515867249	0.0011265105970981182	0.0021287773215233974	0.0031310412599612203	0.0007414635602523436
716.	0.00804001924997566	0.005127989056706084	0.006346616797825396	0.007563843029247952	0.0008820105676935476
758.	0.005652720735405015	0.0031334388297836746	0.004111738066132631	0.005086637399147165	0.0007014387462482199
974.	0.0055250985912329575	0.0020458012893501687	0.0030790370949774215	0.004112687127896364	0.0007494104052336013
732.	0.0032369700694176995	0.0012209052641170004	0.0021693506196326876	0.003116392418023528	0.0006983593630710709
739.	0.0026708605249786688	0.0004943056884946229	0.0014707436708041523	0.0024457943013574956	0.0007185195580085245
915.	0.0068004388962106255	0.0033202604350828224	0.004302040031335116	0.005281221932231128	0.000702665527694099
989.	0.006612716429368226	0.003276047241559721	0.004256671195570254	0.005234545089177534	0.0007028796917739673
1200.	0.01028506672855467	0.006352616084741247	0.00776984983552906	0.009183765837156743	0.001021092394703721
813.	0.004850063323380893	0.002162182035593374	0.0032362663116395564	0.004310229189252834	0.0007861676042361144
977.	0.00619456403995311	0.0030814405535898315	0.004220481568204278	0.005358108516401394	0.000831078964448312
721.	0.004853515800228081	0.0015391103184501098	0.002448780685473006	0.0033584681984880627	0.0006701674383628516
751.	0.0034718796554686904	0.0016146520502791084	0.0024762425294027612	0.003336712435851763	0.000636212361692515
918.	0.004677973739415697	0.0019244649220245824	0.002888661127886819	0.0038519005148099916	0.0007004680861250457
840.	0.009849226110282494	0.005248831717721947	0.006269504907617677	0.0072935136679833645	0.0007391280366577152
740.	0.003183354604870625	0.0011187917356103583	0.002140148305012246	0.003159867607331779	0.0007515924634028474
890.	0.004184855438939539	0.0018015444170639272	0.002699363444384119	0.003595540764244509	0.0006496719081448864
842.	0.004953022283855857	0.0022531264450150745	0.0033014490324384236	0.004348733697593921	0.0007694816983173631
722.	0.007313325004678184	0.003988170027787952	0.005029982006164404	0.00607420820184823	0.0007594876535315289
910.	0.005771898403773235	0.002836475851107245	0.0038201592123245816	0.004801213002022187	0.0007199487764536375
942.	0.004410618402953537	0.0013598432778753056	0.0025247435741081723	0.0036892761319408107	0.0008599169527919986
992.	0.00460831027291686	0.0019125701425279917	0.0028525283035622465	0.0037917558585327527	0.0006887604713983065
1194.	0.005654966485377555	0.003112982929390662	0.004165973906721589	0.005215579940259452	0.0007536086744788057
717.	0.005090087361488083	0.002217620225822725	0.0032449746636960147	0.004270057992279641	0.0007450569710633514
1207.	0.004997763566473634	0.001837470341703784	0.002878358623751298	0.003919267643348934	0.0007627266585265613
768.	0.00490414456224042	0.0022070366620302595	0.0032533124050697242	0.004298621640411726	0.0007677880370888968
944.	0.004900350178596469	0.0016476303004274717	0.0027389526716593534	0.0038275406064373074	0.0007998766737992812
934.	0.011717658835729061	0.004922122359918735	0.0057634611572609995	0.006611608327007246	0.0006163416790668616
766.	0.010070288973739516	0.005354278319719685	0.0064169536824747065	0.007485745346850425	0.0007723505369704937
778.	0.005303738781558542	0.0028591000513199516	0.003720447872722315	0.004582062805600917	0.0006271760787144198
796.	0.004799299528511436	0.0011566774580069605	0.0027996206347391766	0.004439563042899053	0.001198287165981172
906.	0.005180953680451017	0.0026123942332093586	0.0036883910926911933	0.004751964039793499	0.0007812413770191766
888.	0.009224816700340144	0.003098704389666862	0.004227494725764122	0.0053422243628908905	0.0008018742132694656
976.	0.005327921360455901	0.0026078281785378854	0.0036761842133016622	0.004743479590333943	0.0007906342185663654
821.	0.00480888547286995	0.0021057124803184335	0.002983608094157169	0.0038626569551081236	0.0006486204847224097
900.	0.00863634913277056	0.0037837372015078197	0.004712723486593885	0.005634443128462729	0.0006672853281577254
710.	0.005262840464656748	0.0027923336216653105	0.0038189197608590793	0.004842493819236293	0.0007381451477476202
830.	0.005287138459073248	0.0027896973773569034	0.0038255396653118423	0.0048582277328067525	0.0007443023183526266
908.	0.005027946190971244	0.0019342275219446092	0.002949913859021523	0.003962162576916173	0.0007379438959704211
806.	0.003620414886258305	0.0007820857594249553	0.00209218279238215	0.003401366552878371	0.0009698259815130558
886.	0.005503021972259936	0.0025397075877199304	0.0036291266011269324	0.004722278399369784	0.0007954103459242612
789.	0.004836631182169704	0.0009571847725428073	0.0024844463643234997	0.004001423240472035	0.0011055079438329477
943.	0.008016015993669745	0.003145529938715863	0.004190592014568194	0.005225970211975017	0.0007520800196107293
798.	0.004562326641311731	0.0007842589705464587	0.002362592956099035	0.003919862680785258	0.0011550912529504666
958.	0.004653921358815483	0.0016359470789508723	0.002732076900298033	0.003824672766447046	0.0008057566536913026
1204.	0.006028900759515454	0.0024579671264863823	0.003240000183342994	0.004024458303609646	0.0005695718116476132
991.	0.007920750153182943	0.004890285479712264	0.006077409391491225	0.007262391088642239	0.0008635266994537991
928.	0.005942143444587655	0.0029644151200662883	0.0040899859075097895	0.005213207774871997	0.0008202221927503171
896.	0.006224968822240329	0.0033455828489221684	0.004409995912730481	0.0054733250869571926	0.0007767199715170399
968.	0.0048102663153382075	0.0022488223906610427	0.0034294243842027316	0.004609678373729165	0.000857515588680551
772.	0.006983995375720031	0.00359482910455855	0.004709774067076196	0.005818099047752656	0.0008065021539395943
791.	0.004800720082063226	0.0007347044011304371	0.0020633941787615703	0.0033918088117356193	0.0009665588585244491
917.	0.00780417529743449	0.004777401201652154	0.005963697041674283	0.0071476001740061745	0.0008573616749416056
780.	0.006445792152461327	0.002532901736156945	0.0035078245540656776	0.0044780903745188505	0.000704431809118264
898.	0.006583958719470484	0.002482320976207708	0.0036276348363336384	0.004767983697012812	0.0008453837793149424
804.	0.004710846696150073	0.0009188612912007788	0.00224949329440943	0.0035720821320593954	0.0009668749731684587
731.	0.00302020485447807	0.0009247602584859793	0.001863007218629428	0.0028001348375120694	0.0006944824272181257
814.	0.006129369525296302	0.0028339116048595736	0.0039941398468996085	0.005155249659908545	0.0008536502711105893
808.	0.004344246602481894	0.0013023847236285357	0.0026080426114652683	0.003911812882149368	0.0009610484882985405
757.	0.0034082480439782126	0.0015814828513782686	0.002412330064427571	0.0032419462685082667	0.0006050225200767081
711.	0.004295437004884106	0.0015261465045591782	0.002552002073329565	0.003577206156456847	0.0007488687767788939
950.	0.006530642996614544	0.0024657468128435056	0.0036972862828500036	0.004936034899580832	0.0009128238629683063
937.	0.004714145071075593	0.0015618731651819706	0.00269566179095675	0.003831178075742403	0.0008398505522048642
794.	0.0039041938710873136	0.000555815399202797	0.0020534033159972666	0.0035479909475280014	0.001100984727296837
984.	0.005185688198852123	0.002220916331175604	0.003010767011458941	0.0038086785942790247	0.0005872009759327276
1215.	0.009278254984024792	0.004784721161398275	0.005813790003505374	0.006842524044349485	0.0007441064677293702
820.	0.006969103457299952	0.0029855474806236293	0.00394081139136988	0.004892594604214651	0.0006835271233733377
957.	0.004607636358733402	0.0018018929777923187	0.002836867909270296	0.0038691141276752106	0.000745322015666309
770.	0.00431811382922298	0.0020271916655286715	0.0030584719832979766	0.004089103979337372	0.0007585133626744233
1193.	0.01574937676515098	0.006410028776416388	0.007190084679962043	0.007955286732371558	0.0005584334097100983
1197.	0.007084621801391577	0.0028707758140303907	0.004047351475864835	0.005224015899539025	0.0008515118047935351
752.	0.003973857074737297	0.0017477021785552438	0.0026877835989744803	0.0036270333569093927	0.0006875542345569704
936.	0.005811038556927772	0.0031293092287164592	0.004138853600874724	0.005146531386239439	0.0007395893433074152
720.	0.004776535731087828	0.0019217156438524619	0.002769947325780054	0.003620720779520359	0.0006277432871617091
924.	0.00407018386402358	0.0016468709229190415	0.0026371979642108314	0.0036261462583625503	0.0007245131356538302
715.	0.006379679849008113	0.0024770116635410844	0.0035842151135605806	0.004690852163171777	0.0008128362398916689
983.	0.006508393807974522	0.002592642719428828	0.003638833892694844	0.00468285048499828	0.0007634792791655509
823.	0.005711551558581274	0.002983203437833981	0.0042060249086874335	0.005410506562814388	0.0008865288539186158
829.	0.013285678196490291	0.005350292857936978	0.0061238248960741645	0.006905739387862098	0.0005709658769062393
765.	0.005963924343003413	0.0022026840687130456	0.0031738731906064107	0.004144870997281225	0.0007156605392370451
709.	0.01307190792548052	0.0053523539958226785	0.006125128884914084	0.006899390521973525	0.0005661317586024917
839.	0.00588532548519638	0.0021541785363686783	0.003120478134801258	0.004086752475086164	0.0007124424976428785
981.	0.011321754846081888	0.005296685155801617	0.0065235186215622815	0.007741023405233527	0.0008776069509585687
812.	0.005441427742423399	0.003131149294154034	0.004195625224885213	0.005259234282362746	0.0007872622568040519
964.	0.003926734754656436	0.0019082416332730778	0.0028723833766702606	0.0038350595989412595	0.0007099593977514184
966.	0.00647255783868983	0.002828609973874907	0.004040617232859277	0.005254570258169222	0.0008855798390410046
777.	0.011093587138361172	0.004782705893918826	0.005999184939403422	0.0072081160196150185	0.0008717540362909053
926.	0.005742843273353726	0.0027001372744530627	0.003791059856954369	0.0048790012725324905	0.0007929944016733723
787.	0.003802117992684373	0.0006707994299050002	0.0021360999441439534	0.0036023332639057992	0.0010826954614964305
873.	0.004219569759789765	0.0015459546123692824	0.002568161631724189	0.003589836581282091	0.000743953932986742
748.	0.004778377904817721	0.0024333721231059036	0.003428580831810759	0.004422054643216655	0.0007194121382394108
749.	0.005140790933910622	0.0030800892922266954	0.003983682568627316	0.004885583520478076	0.0006621003221796862
1800.	0.0034054603054585186	0.0017146914214998255	0.002530055390029019	0.003344671128540533	0.0006000967412880932
1846.	0.0022174005452467727	0.0006743131238999833	0.0014481935528126472	0.0022213205359224997	0.000565982427738838
1833.	0.0038654824695699697	0.0005365393539407126	0.002104777386638628	0.0036667440598766587	0.0011473277229336464
1515.	0.0034218424882545007	0.0004499606257154509	0.0019247047918449804	0.0033942106554104567	0.0010902438255522447
628.	0.008165498796925075	0.00295029241421374	0.005166710273327417	0.007327861374668898	0.0016138648801799554
1874.	0.00428574652628777	0.0017107850326120166	0.00282302266748378	0.00393319765549871	0.0008204644043349312
1704.	0.003508314636999188	0.0011098373438345188	0.0021309024338972945	0.0031505318306790375	0.00074768656051319
1762.	0.004499826515211414	0.0009784187063848204	0.002452571155865126	0.003949467664957407	0.001090990836304693
1888.	0.003473564698549647	0.0006252345965840345	0.0019879664967967833	0.0033451960311944307	0.0009945244379385566
1868.	0.0037955713282142867	0.0017125245849611836	0.002640688181240353	0.00356800649981015	0.0006830712273825972
1518.	0.004316106610837922	0.0017003059675754217	0.0026644393736857913	0.0036267256623654376	0.000706474098202781
1890.	0.004100663701908536	0.0019335069809401917	0.002737592930998408	0.003541659631470351	0.0005920118337823826
1991.	0.208678124848916	0.0033604367816959524	0.027964349729586564	0.09710683127275421	0.0301882042447133
1981.	0.025014597077874456	0.004835084539292267	0.017107810479208348	0.036626003326147294	0.010362821869997051
1987.	0.09893909147883828	0.00583327435303771	0.024136927447867412	0.05339692382397798	0.017712479657717873
1956.	0.002946936907099018	0.0008456551858889716	0.0018068903702229873	0.0027695387386242887	0.0007105296212673579
1986.	0.06851040715779344	0.0034438099137822364	0.019133580647161294	0.05791112819533406	0.01624569382722885
1988.	0.03764044342487305	0.004296121247757467	0.017201798064543288	0.04316607193230826	0.013964902061909836
1782.	0.019418945977045077	0.01323407750584249	0.030151101786285456	0.08603485397612975	0.021572328528738343
1983.	0.08736864082560325	0.005077919039821577	0.024843478524594904	0.0639554016563838	0.020668857211511054
1993.	0.023500963081833248	0.008563412967274475	0.01754755647092089	0.03533590473114212	0.00943593857368461
1915.	0.009494012786641859	0.003186437318013491	0.004360572921337336	0.00550807097517747	0.0008337601367947961
1948.	0.0036837628790766797	0.0006981643700285645	0.002089960401924435	0.0034989029364356217	0.001032768075668549
2003.	0.009006815001088908	0.0036888228894894626	0.0050879315290715465	0.006586135442565144	0.0010448820834484502
1954.	0.0037169674282042653	0.0008594091588520758	0.0022760366513430532	0.003711170687840326	0.0010475398764791016
1946.	0.004623626744504228	0.0015538693451603303	0.00292173921554178	0.00428140084052131	0.001007292003946453
1982.	0.020331316037472846	0.00934038826317718	0.017868979199144947	0.04309435351444779	0.010198140303792593
1995.	0.025356198260020335	0.010716198241792263	0.01754718497979726	0.03303702722531621	0.007010431779052829
1984.	0.04672811770045804	0.002900194254855548	0.019515949451434124	0.05247364392265741	0.017160213769915163
1928.	0.008621900027731777	0.004185987434144112	0.005051590282855155	0.005841454919203404	0.0006023702104969624
1997.	0.006128305777554077	0.0028707923331936502	0.004008810640451464	0.004985184895625161	0.0007693244823639691
1989.	0.046303883100312415	0.0026409943743987974	0.018144932983051903	0.04135243887178097	0.014124675480206933
1920.	0.008665031432832593	0.004103304872737357	0.004966318312550132	0.005715020333670551	0.0005951929895384459
2009.	0.007720144577809451	0.0030172787726688854	0.004106562109008489	0.0053425903984144485	0.0008316224497196555
1994.	0.06916642759123626	0.0030982676723131375	0.022655608919785693	0.06233424216285788	0.02135866004351748
2005.	0.009592695457416256	0.0044612852902591316	0.006018342355229919	0.007505217912223139	0.0011159709381038275
1926.	0.0083752453594369	0.004200797065185502	0.005271421250612506	0.006459485116400265	0.0007991953368480319
2081.	0.008995933380656296	0.003464913761791477	0.00478370297645335	0.00600812179000243	0.000929426261205745
2007.	0.010477403352470382	0.003629128644211388	0.004865928286553927	0.006080990409584652	0.000868626721392583
1918.	0.008639058999262317	0.0030886645397404378	0.0041832141113204565	0.005399316622797912	0.0008296127582406976
1958.	0.003177104795600405	0.0009988789824134647	0.002077849830874202	0.0031651924962865507	0.0007914268820451455
2080.	0.009767840855181231	0.0036457359431132375	0.004505288430611328	0.005540010066724221	0.0007212512717960477
1924.	0.008208813389339542	0.0033531532302014666	0.004915343253035413	0.006393069865082479	0.0011207893375589733
2000.	0.010320341819306078	0.005655076017444416	0.006690170815810771	0.00773365160280326	0.0007432447806998111
2012.	0.00996069110946951	0.003755040698319889	0.004797888918172309	0.0059272110041425075	0.0007828082588606242
1945.	0.0032613614689948056	0.0008451734655492427	0.0020159596912231884	0.0031793724030815262	0.0008462014842820837
1930.	0.0069633944884138765	0.004022613242257389	0.005004880922337125	0.006060497323891689	0.0007244081207619544
2010.	0.010624668020641881	0.00379001698463155	0.004968236841915346	0.006143280407518659	0.0008284785831386895
1992.	0.0480113664420021	0.004918789361391007	0.02725193073121949	0.08871380787505845	0.02568709162846347
2011.	0.017806801227827518	0.005184433837106539	0.0063192395644836715	0.007444634790251925	0.00079122638617251
2044.	0.01040901684781892	0.0053902738267957995	0.006793754191286604	0.008331350843203245	0.001042304957799147
2075.	0.010154218557446582	0.0031803237245140448	0.004182365104208047	0.0051314378473577005	0.0006771558648166905
2061.	0.0074529262429881005	0.002628808022846263	0.0038526739024766247	0.004974732300544016	0.0008351708750146869
2001.	0.008746614362537874	0.00438101713133543	0.005895059329666307	0.007607416872361328	0.0011575007677696602
1952.	0.0034034965439927456	0.00082288303392275	0.0021050166025142598	0.0033884371847014982	0.0009473047635587487
1969.	0.006872221106224985	0.0040951442654411085	0.00493903280345643	0.005801368240462179	0.0006258632731545484
2065.	0.009355485166164024	0.0037771156881679646	0.004912332990663753	0.0059042870009776705	0.0007822155386922186
1979.	0.010256127291356276	0.007442384305516914	0.008521241417370732	0.009603975933093811	0.00077352873454148
1968.	0.010798310399882105	0.006339687406963446	0.007822502733517363	0.009313262557210322	0.0010646186312288457
2057.	0.0077551208674878636	0.0035110580173869366	0.004510197604559777	0.005681890121425837	0.0008013214878721242
2048.	0.010254477616176594	0.0040576419092434035	0.004971125951328542	0.005990815649979497	0.0007047389735306001
1999.	0.010065043356020431	0.00428490246052704	0.005320493043509437	0.006293873590239918	0.0007086899108687835
2053.	0.0061197270572161955	0.0029277596696608565	0.003960248003438545	0.004816845830529104	0.0006680118086579616
1921.	0.0066282270507010965	0.0030020467745318635	0.004265785531154127	0.005470212040475042	0.0008968651422695118
1975.	0.004909609689373817	0.002749884221072807	0.0035625777890321286	0.004393643172544648	0.0005874499042050813
2058.	0.00739111470766185	0.0027482002276756345	0.003773009758731529	0.0048710492123545945	0.0007817760403057157
1971.	0.006001131645124946	0.0030925721816776885	0.0040154141331827055	0.004930557538390334	0.0006619100035560663
2052.	0.00856789947218839	0.0029102074981135484	0.004039696009306368	0.005052937968532123	0.0007626441289259537
1951.	0.003570683321080348	0.0009222711928272842	0.002169564073322797	0.003408154827970966	0.0009186813242472149
1973.	0.006416547440562748	0.004463129094760543	0.005136997091495462	0.005791654215961506	0.0004863224698894696
2054.	0.01099652026725828	0.005556034685832878	0.006845517018399676	0.008212722888540691	0.0009546188012982571
2043.	0.009986441468342377	0.0043407789719647205	0.005558314789976733	0.007090119526141803	0.0009423078332249884
2045.	0.008030154048700777	0.00528539250331117	0.006526167517579229	0.0078014815158305995	0.0009072770277444343
1927.	0.007187853638562225	0.003399901875208333	0.004243040973401055	0.005141386892498434	0.0006246731300717202
2049.	0.00792259431779685	0.003938959157839816	0.004759382264000538	0.0054707973674621435	0.0005602888825561733
1959.	0.003959079914727437	0.001619192728385066	0.002678218794526312	0.00373931453283205	0.0007737136500315316
2070.	0.006755422694946556	0.0030444226157357868	0.0040079222101821145	0.0049969454818091785	0.0006987428089143037
2064.	0.008467613704206789	0.003755972125051632	0.0050991007853544365	0.006455389402567846	0.0009855733286548713
2069.	0.009102570520038267	0.0038118890907248293	0.004808352514309605	0.005794388432451836	0.0006683994114655727
1957.	0.0034066346959109595	0.0013372810750553743	0.002340861495592375	0.0033393549990338167	0.0007408563878841801
1977.	0.005871238920041599	0.0027247594017539845	0.003720463543013673	0.004710886387590096	0.0007296360498169982
2073.	0.008151478332723894	0.002602652314173337	0.0036446589953437907	0.004715527978426226	0.000757153430942228
2079.	0.007895410718945617	0.0035333413298115346	0.004679858425080137	0.005798937897136369	0.0008255054168080074
1923.	0.012930798035422075	0.004867955475919561	0.005902687354795829	0.006785656724103362	0.0007003425093733806
2004.	0.007304967646401095	0.0033848089969205075	0.004394283465466366	0.005352299233804203	0.0007177147750151802
1953.	0.00381422510385232	0.00106860062448777	0.0021765192155910567	0.003287323553687216	0.0008133774401404223
1947.	0.003435967814626406	0.0007968721933834244	0.002034735912659918	0.003273785951785513	0.0009034266009016989
2066.	0.013365600637649355	0.00408667230869364	0.0052191173677314335	0.006179136033098942	0.0007519116020910388
2017.	0.00908925693350826	0.005006916508303205	0.006091697667810975	0.007102417179241538	0.0007635142394286121
2032.	0.011454480236982256	0.004306700385201312	0.005434686285651931	0.006639195541677134	0.0008351823623400623
2074.	0.011843404993951312	0.004920796888107648	0.005928656190705827	0.006809295349557654	0.000681237755388001
1972.	0.006931421164187435	0.004192674178900013	0.004914574245682997	0.005681581675272773	0.0005334457853621669
1998.	0.013212337806328911	0.005742333179602266	0.007588473018419343	0.009600268191216732	0.0013768902693613177
1978.	0.009032384816193284	0.003578235528018614	0.005020583703930363	0.006434053161425757	0.0010406947124904737
1917.	0.008558512938753093	0.004133728853436547	0.005589413949431328	0.006813071381050584	0.0009779823820917255
2037.	0.006805810188881045	0.0029640701983443263	0.004080586869726854	0.005123627442778389	0.000802618841439042
1929.	0.013073861416703636	0.005216816448653239	0.006338313370861323	0.007574780789883939	0.0008579574892773784
2039.	0.006459263311275332	0.0028207293776244535	0.0040889830404536864	0.0053374318277238375	0.0008991705714083741
2016.	0.008348626596811903	0.003032824357302677	0.004162948671736552	0.00513244501268173	0.000768422777338443
2006.	0.00671480691205939	0.0031743765070043617	0.0040721495415354395	0.00509235127595431	0.0006915616679652797
1976.	0.01001793646360749	0.006825240170450164	0.00773347136163372	0.008659466109204206	0.0006658670815385097
2015.	0.008950014657700733	0.0034428778429865803	0.004498715712471545	0.005422680401993563	0.0007380583318338814
2027.	0.010281671420700578	0.00456948061722573	0.005361656895127768	0.0060056123777452175	0.0004960719730628365
2038.	0.007634322558639939	0.003623141783093864	0.004756008676473062	0.005771791625873601	0.0007733444835082053
1922.	0.010294386164792058	0.0030304913854745097	0.004142008003101698	0.005165150560959342	0.000744191326437598
2023.	0.00866762772724572	0.0037926537339458832	0.005033609797945802	0.00647257038111182	0.0009515069683742881
2022.	0.005495082486053349	0.0023359870710625286	0.003471116501147144	0.004432763033046738	0.0007756233642256702
2028.	0.010162027182475719	0.0030508950497587506	0.003963114855299808	0.005016347754043693	0.0007188427511198082
2034.	0.00818731853147181	0.003585008065605688	0.004673039543640821	0.005718733166402146	0.0007727489872950558
1916.	0.009984342728791784	0.004739262777813225	0.005984758803836946	0.007133898038777953	0.0008837252583340326
2021.	0.00856685501147636	0.0028319243366488056	0.00399122989830072	0.005055245629049021	0.0008223175185949902
2033.	0.009735181463818243	0.004367901069617597	0.005603274283046376	0.00697972762984711	0.0009235777405425981
58.	0.004613314514426814	0.001378715526203056	0.0020297439028966165	0.002685921021669979	0.00046837271165983024
57.	0.0412346328768336	0.033604080355710386	0.03718115263941243	0.0407553447664345	0.002584939734798575
62.	0.013875223576215512	0.005234863943436974	0.00881043948067917	0.010982127234443584	0.0018381685144158878
165.	0.07171907937621869	0.04917446841850526	0.07614759143116685	0.12837497399451347	0.0279249279202482