Case_No	mismatch[standard]	Min[mismatch[fancy]]	Mean[mismatch[fancy]]	Max[mismatch[fancy]]	Sigma[mm(fancy)]
163.	0.0565231933424879	0.00104973315538881	0.01525214398342471	0.06200844178404796	0.016808143701149414
161.	0.02607157749297584	0.001405402969567593	0.013135404739071998	0.1109394496551046	0.02196702547343009
164.	0.009889408453883086	0.0013904800406140394	0.014293552557495218	0.045267637779660475	0.014103768531576147
963.	0.00282859929914947	0.0009207014729688545	0.028318978312352222	0.10262926778404302	0.03506467453354935
1129.	0.006595498476463457	0.0010555387795382343	0.010626984082359917	0.11166323933648936	0.019656338841226896
1217.	0.1603376823077074	0.004939024215488197	0.022986084537136832	0.0817371880261718	0.018789919845778456
887.	0.021236653471896183	0.005006435578970181	0.019540085165108807	0.06398339719175816	0.016504409216274257
1189.	0.03878738646544655	0.006014707718362544	0.018105361156177953	0.08881828337201458	0.018038022363791588
790.	0.0061105657480367	0.0012258757780402307	0.007497681023316441	0.046418479270809665	0.009749158252020816
907.	0.003699713118373693	0.0006400784524588365	0.017573366127897873	0.15851243021000438	0.031122537755005363
788.	0.05102166794847085	0.0009638552441413317	0.013006143783986037	0.09571644180811023	0.017043490776907175
872.	0.016722743465285017	0.0028869232228627695	0.01643988394802018	0.09578384761394165	0.01954786429625333
861.	0.007795458409994738	0.0018554655082578808	0.014503910501284425	0.10822913676066326	0.019590908733213737
853.	0.0074054062324724335	0.0022978254043891644	0.013376648129652616	0.05850984112711055	0.013295921553624501
767.	0.011325384155308926	0.0012518005530300913	0.015731349337000704	0.10037632528927709	0.019991302187798026
841.	0.011391002355297664	0.0011739773971196632	0.015092633001037827	0.08163972382791962	0.01758257194743505
1205.	0.012521723038937949	0.004757635199050592	0.018796849065729433	0.08553187193985146	0.015604786653576974
822.	0.007200380441062859	0.003743807723552872	0.026102344471410535	0.09449944232919671	0.022837277803847447
935.	0.012166123401204376	0.0009487576973540301	0.01405551017383451	0.12116000282081452	0.021381833015423207
927.	0.012196705325520862	0.003977930101380811	0.021435846758166704	0.06724983994667522	0.015883940456240957
897.	0.00891596597625377	0.0013471225437667878	0.017124219324316244	0.10093114356947042	0.023902460745205363
793.	0.008419190978623758	0.0008287821197706657	0.013183740294498713	0.12467637715290836	0.021351836158565767
803.	0.011962382409956729	0.0014740253103138201	0.010609461720302374	0.06877900742242382	0.014203567356283097
967.	0.01222000907010845	0.003111230755270755	0.017652279081904188	0.061469829484509964	0.015253755705518112
925.	0.007988943137054227	0.003079673303460817	0.01745177546423562	0.06246935606152504	0.015107287579067966
965.	0.08107765605444117	0.0027562631712104713	0.019547542128338976	0.08242065515489927	0.017934116002233127
982.	0.007918148894632493	0.0016158376022492593	0.015162470666945963	0.10114229441806666	0.018847326240006294
876.	0.007435666370009364	0.0015188732598040433	0.020753217248286684	0.07101510987146864	0.01681761016002922
865.	0.007722621059553236	0.004132097083534347	0.013132039742824318	0.03628454412501103	0.008873300141419094
1188.	0.014756828364565266	0.0048816281944159545	0.015464303133441604	0.07285979276941812	0.01570811281961307
856.	0.007043854794825943	0.00084537422452724	0.015117343836293349	0.1002709729106791	0.02077417652457408
764.	0.009413827312684031	0.002735718551766353	0.01824603546570673	0.07462877353860908	0.01991344557839332
838.	0.009264008327453332	0.0027363033596892183	0.018059546985955955	0.07155363842822049	0.01986974367546873
786.	0.04440986562694549	0.0009941165528517537	0.007534614906968905	0.07758342220173198	0.012201825209938687
874.	0.004178875229751466	0.0008238636522309717	0.010645562322452725	0.056585533694584855	0.012665223094102403
863.	0.10184742559581783	0.0019527621838808518	0.014374186619923433	0.05839313625885667	0.013948239579376413
855.	0.017479723085645382	0.0013715991095013536	0.010242442262738592	0.050085999066309506	0.011948226721466627
1195.	0.00860727573446507	0.0017947746665475384	0.01497210528617014	0.07233520881129385	0.016936753231975167
3.	0.0034555259368176383	0.0005832620084861295	0.01166244250049083	0.07301977280266692	0.01749412212123123
88.	0.0029232936170549007	0.001123466822836372	0.005121490472976387	0.018203498972970023	0.004461443226522578
1028.	0.0069098387400937655	0.00100162978602103	0.016639597784539075	0.07324740837231503	0.020804561171347397
1053.	0.05873197951307707	0.0022354210837384203	0.011415484738838891	0.0654483032901485	0.011922530133550229
1067.	0.019089926728952933	0.0011106445441251278	0.014933909736329867	0.08181468635121458	0.018536099691092874
1006.	0.006867650000658365	0.0027957243167635593	0.021640183205726256	0.21745763039937005	0.03854338439549455
1048.	0.008361635567547099	0.0011770662040636592	0.008421091950263391	0.056629610357897486	0.010711797080226343
1079.	0.033802765338434404	0.0011908085056243634	0.009562314996385601	0.0746518665534559	0.013214943611686864
1049.	0.004563206898067329	0.0015949355320274972	0.013198027997317785	0.08566762661254224	0.018041980616254855
1035.	0.008060845125563265	0.0020739655236217125	0.013116670951124882	0.10183046496524384	0.018154284476710702
1066.	0.006927215280908672	0.0015783356051060071	0.011317956814085452	0.08261234153450248	0.018450512965966857
1019.	0.02689661442412128	0.0017571644723926028	0.015546736251325815	0.09062704183161485	0.01805175196983932
1076.	0.004030188346958674	0.001130326082489641	0.017716210689708276	0.08346343770388365	0.02231629641424207
1086.	0.008654398025393362	0.0009499092651804597	0.016669179707635855	0.127962613759399	0.028116385474105676
1071.	0.0028717969875546867	0.0008616211991813172	0.017370134357669396	0.08546478560287007	0.022650381125139295
1085.	0.009323015319161132	0.0011746967787881202	0.01529422702524093	0.09862229790409482	0.020982872940606023
115.	0.003219271293742554	0.0004949542813107444	0.006315870069209674	0.06153008244675917	0.01368556587000291
632.	0.015079297390599544	0.0030354505287664146	0.021436524770992782	0.11645119987612462	0.02159824885802453
117.	0.0036152821565554882	0.0004895883052500327	0.006253830125733805	0.04473049412369556	0.008895086798812213
116.	0.003221817227930357	0.0005087515233858086	0.005410693809074988	0.05238884330983451	0.010003514469092796
1042.	0.022118090742739294	0.002508155785996391	0.02096142624100005	0.0847025016031977	0.02125744725263219
1078.	0.0147750939750938	0.0016805763407844454	0.020364022139586907	0.0824151107211738	0.023610609693842186
123.	0.009693047898318485	0.0006108728722589163	0.005202050384956649	0.05866992401120086	0.010361463222492704
1045.	0.018703721762212022	0.008177768274215125	0.029553830866953776	0.1268252323379927	0.028381797523404733
1030.	0.007808974546797187	0.0013128273477525099	0.024525764804016498	0.13361632413690772	0.03603043382717556
623.	0.01110642455809685	0.008285699118081413	0.028174825403298912	0.09510490936290694	0.02038915332043291
1065.	0.004777541207075076	0.0014386087538651449	0.01170470751923248	0.05326992416913778	0.011905155070415696
1059.	0.010833193947695219	0.0007755108245186548	0.01742737307907048	0.09905438249212861	0.02582395972944442
121.	0.004690413048134889	0.0006902956976044816	0.01058433217927694	0.07442156179287884	0.01825750329773455
118.	0.0024423767829458987	0.0003686518185731513	0.011233491287393146	0.09104213585158205	0.021848800110542965
120.	0.004241105798807432	0.0005335266716692821	0.006853478094452401	0.04243558161484473	0.008877422105758478
119.	0.0027099158025813974	0.0004114482620453108	0.00813911787363219	0.08707230376234154	0.01845107974738734
1027.	0.007436440578882819	0.003028532887012214	0.013939721091297303	0.04280177706024546	0.012274680570005189
1012.	0.03879320872750702	0.0013703476134774295	0.011935229638929725	0.08068455634876992	0.017086417640290154
1031.	0.004397442673779284	0.0013540082630170147	0.021955903349167097	0.10049699509514454	0.024115188946731803
1033.	0.025337239928738375	0.001496072599464715	0.012136327092058771	0.09098875498794057	0.01568089377631058
1010.	0.04215627306364966	0.002202900200118152	0.012472462846655636	0.07567864329530982	0.014729582017890725
1018.	0.04961170720627606	0.0024479929005924994	0.00735930550134793	0.026839098789219862	0.005373417086497921
122.	0.004402582956657741	0.0007109295742727673	0.022961900099028314	0.1558711040267572	0.049529038742346106
1056.	0.016619044441261055	0.0024658205057659366	0.022553088697190544	0.14605242270004526	0.03736444790642661
1009.	0.013854475020581236	0.0014070670635600857	0.009082957404726638	0.0727779839027678	0.01270319697115383
1008.	0.015399743159650425	0.0023294668070920066	0.020650957059826766	0.10991600926979683	0.027136158489378972
624.	0.004318828692028043	0.0009015170738133627	0.019481392107409557	0.1728750466807799	0.034331751087571714
1070.	0.015914995482977923	0.0025222444927329724	0.017949723130687233	0.05641784803483607	0.015788520762914808
1022.	0.008237155392302742	0.0013062821227437516	0.03353210294548338	0.15644200031685707	0.03597046268052001
1000.	0.012284049805426855	0.0017512161146761018	0.020282532328672314	0.1211483544023576	0.028005781708836698
1036.	0.0038027395860175117	0.001134880473021349	0.016388615019199155	0.07371448574613015	0.01917279147610176
1023.	0.027482887967181346	0.0010360773278059732	0.005735390725606262	0.03788583877140839	0.006513503750828779
308.	0.009650613767284488	0.0007030817708484349	0.010816941701793375	0.12519418465209364	0.020229523019296845
1020.	0.004624061094151477	0.0013387135083309243	0.015055401128080691	0.06609623427648714	0.016982939005857633
483.	0.01164908493157979	0.001714248957266462	0.013950843953206721	0.15390233050831204	0.024636264606065723
1224.	0.007118212050743589	0.0007920666637545315	0.009661420787025546	0.062488133410638746	0.010977019816285002
1051.	0.013213287753205516	0.0014778917950547532	0.019560601801342642	0.08757072233434815	0.02236077397030008
1005.	0.013016945544459535	0.00122905701342646	0.0191123386259526	0.09067651340379446	0.022175393211931817
1041.	0.015400006410753786	0.0012320316383971353	0.011207282386264198	0.04930789089500165	0.011160098527740178
124.	0.006728524724436524	0.0003458956624133869	0.008161655976331682	0.12345521114106617	0.020010211099599384
1029.	0.023051498323491182	0.0019707043722065887	0.00823287549181766	0.043618596832904366	0.008805839515296907
125.	0.007714911495991905	0.0005054892576004111	0.008166925938865578	0.10650975015714825	0.018176933232753052
126.	0.003981198107003592	0.0005848889581606675	0.011154790637059878	0.058519532923689166	0.015731337233975958
1039.	0.026008645779002082	0.0027704950043414556	0.015386602712435134	0.0633652613818767	0.01699883862871573
627.	0.07236410100433877	0.0011938493079814982	0.0126453442414007	0.10995128920748853	0.018571797336665946
142.	0.007325755209575013	0.0007264422921554603	0.0074087483915316	0.050008811624056126	0.009490270077002866
143.	0.003808604809697136	0.0005488819085616159	0.004647451363030496	0.02256534058177928	0.0053410082462559795
144.	0.014929253279113652	0.000540741834466063	0.013111956321837955	0.12278019852038258	0.027514828518144765
1087.	0.014806441820591987	0.0015662403569599581	0.02893754627397524	0.1300677235912766	0.03667217952932017
1057.	0.006611860125310676	0.0015474599140711254	0.01203324898366498	0.08080957812561917	0.01789084740820649
146.	0.024245355004900326	0.0005253602763020115	0.007214508362563697	0.04834693303406756	0.011183580299147145
1077.	0.021104709106877007	0.0011105313892892932	0.011591207578938926	0.08552881859383465	0.01618953288709849
951.	0.0739118772193269	0.002097866095308487	0.02010956387790945	0.11166705693982337	0.025810091857146222
771.	0.03519356051710243	0.002190591929676855	0.01908342683129103	0.12217574116551488	0.02129841143487153
956.	0.010043314075497856	0.002617469487124824	0.01328072326295943	0.05973420173630728	0.014551089971148552
949.	0.012118809288186538	0.002687082116060613	0.014774105098719625	0.11308327502885329	0.022545163324199643
716.	0.08107985735186618	0.002015632185345839	0.010436522908609832	0.05253098779989285	0.012105114996862556
758.	0.13346568681025028	0.0022279492623995534	0.01848244105362437	0.06808404361451847	0.019151466631509392
974.	0.03513330319965602	0.0031178125486842623	0.016184617203800666	0.09091280319265005	0.0182991346907627
732.	0.0125525404502006	0.0012686852990289044	0.010908173314606822	0.06451036245857444	0.01350862340899706
739.	0.031026877918264972	0.0016398437237917785	0.029964705533976704	0.1702641235115323	0.036568396831826944
915.	0.036062119859936015	0.0029465467937117573	0.013907984687710253	0.08527259076195814	0.014559889257335232
989.	0.0368320470298199	0.003095233079626003	0.013937110276894246	0.0852317948580058	0.014482983190185766
1200.	0.103140301403702	0.0021143526780201816	0.011340519663849736	0.05223044436895363	0.012046593828981739
813.	0.026256712765215795	0.00303471454161075	0.018204338643583465	0.11658834513354233	0.02596593873505268
977.	0.10840251904442011	0.004165672726448966	0.013073701425090652	0.10036688437114016	0.018628276488759855
721.	0.0877898064752447	0.0026788993241431136	0.021278094269828518	0.13741511006573615	0.025606211418567112
751.	0.00610227320110901	0.0012321651028464053	0.03275996809872244	0.18001775416299548	0.03774788326980578
918.	0.0609796503742015	0.0036062683628895753	0.014651994437399568	0.0552038386592929	0.012593376570876657
840.	0.06416076716534902	0.0032491511724132005	0.012996862288811297	0.07408125549280264	0.015584177558854901
740.	0.01936695613112349	0.001239639993871	0.009521585226600007	0.06824689777549287	0.012400449062893119
890.	0.01244014373140756	0.0028986999202013086	0.012014818416997747	0.05718654512423382	0.01194314789909806
842.	0.0691663893428659	0.0035572253807265586	0.011285781047590558	0.04002905567948356	0.00941659897255876
722.	0.13194148590436272	0.002799172628340507	0.010274652731862904	0.052257087479282816	0.01248048778944494
910.	0.04356792228308681	0.0031937649910256383	0.011396496912294113	0.06796660066833127	0.011938662824341298
942.	0.03170595242903451	0.001811548767898019	0.010339003545046748	0.057732357267419876	0.011445398990186048
992.	0.06201242131884832	0.0034718163000604374	0.01496961340978107	0.061309048500267305	0.013151485917437002
1194.	0.05711413853288638	0.0032724977584522863	0.015218114084508355	0.06938286242559388	0.013318033341599155
717.	0.033012108872810364	0.003396047886231268	0.010508793604775626	0.056431043215571464	0.01098153684285394
1207.	0.032402947813445215	0.003639403484418602	0.012623864288393386	0.042552480208406074	0.010219100674907862
768.	0.06988763221386196	0.0034510435421838404	0.01128963001925853	0.03742820560946092	0.009178168138836757
944.	0.06617116603893847	0.002502781608123006	0.013146363082373888	0.08409166866168682	0.014609341391106964
934.	0.01561707200589768	0.003107623014601213	0.01233017172706557	0.04087583907300618	0.010118984408967585
766.	0.09765085611515922	0.00400811589977923	0.012336702348991428	0.059643067794111104	0.012501890414193481
778.	0.023967846523241132	0.003223357097150714	0.020875615570173766	0.13845845930026335	0.02657990159014112
796.	0.03428330086408615	0.0016423984771188893	0.013502638454817896	0.05736522396108812	0.012670780434290568
906.	0.007783193126626231	0.004132261895087197	0.013173003923585568	0.07110445424373568	0.014689235797646966
888.	0.02533877801126172	0.0034230543634288235	0.025474087043743657	0.15841461870049844	0.03479937916515668
976.	0.08381850052782813	0.0035144459912578307	0.010826274380019894	0.03638904181188307	0.008273869471784894
821.	0.06850204746606359	0.0023194439125271415	0.017582217483408494	0.08631277338594368	0.01779724596093609
900.	0.08920306843694181	0.003797998680538206	0.01660461340452173	0.0727588468949204	0.015489569196890816
710.	0.04977231916421043	0.0034822965733350975	0.013894265115254576	0.04508359061070488	0.011588510407324316
830.	0.0522386595786839	0.0035659566005596943	0.01376921638214106	0.045973346978709806	0.01152862753388088
908.	0.014072845532666634	0.0040947701688952565	0.018804814994513485	0.1037042416005568	0.019387468664536885
806.	0.00959750800425796	0.0016477473127903819	0.013330752244615345	0.05937098817748798	0.011851655563364764
886.	0.043253334291450174	0.002103171587653052	0.008874692494930937	0.0595929649808945	0.011463316607423682
789.	0.007332057639455658	0.00249612476651484	0.026948430249209704	0.09446798554000224	0.029052277051566364
943.	0.1767850480275368	0.0021243048835749567	0.021614347900679145	0.12128165215785247	0.031201934107814994
798.	0.020116870258273134	0.0015643063632774235	0.027984251050414438	0.12324171344052803	0.03319761826700604
958.	0.06735705984223606	0.0020971574342046884	0.013607866741284216	0.08604971497054714	0.01703124650753636
1204.	0.12032338900819561	0.002423981954721599	0.01576590380378081	0.06332182511810314	0.015524823604141898
991.	0.08002121352697944	0.002397281526197448	0.013126950635125242	0.05929726153538217	0.013589494746478373
928.	0.2115775155740217	0.0028255612584248135	0.014517677183929828	0.10555868031506022	0.02096347000624125
896.	0.06793389539649364	0.004623457701473543	0.011702843729741206	0.046107709687476905	0.008371176237690285
968.	0.024030753718476627	0.002937262389141715	0.013059012905769437	0.08433483980638412	0.014742101708326438
772.	0.04499210638456774	0.002937832963554432	0.008757169696507063	0.05170514685469829	0.008627717290481875
791.	0.011224171728553167	0.0009455949003654984	0.012333742491519603	0.08961392578253058	0.01831747814396881
917.	0.08350252586512319	0.0021790464508111285	0.013030498887717921	0.059139504381960806	0.013759604210917927
780.	0.012872116976311077	0.0038263123383108777	0.01945731109260896	0.07945660172178248	0.02024079331470088
898.	0.013621044270914262	0.0036370768348316096	0.016758175779026458	0.09700041464964781	0.02038100635631713
804.	0.0134698259847289	0.00271652653368315	0.03555415656156259	0.13000803748158174	0.033159669569617786
731.	0.02481231652760063	0.0013795691759407314	0.00876898888774331	0.05765640356946833	0.011771929922663507
814.	0.01897940568854184	0.0028937854753219305	0.010402254434828007	0.06748973581210094	0.01393375251944247
808.	0.023588880720683103	0.0026060865740953343	0.01626208505863953	0.06065140899965482	0.013227858237698089
757.	0.009858559745803297	0.001427580763908809	0.03137859158584424	0.1447229037192067	0.04260471612948361
711.	0.02865148674626361	0.003378040770698254	0.014075453376807531	0.06249287929354419	0.013688720949795053
950.	0.048722105915423586	0.0018704539644801566	0.01700891025934534	0.08826421124443073	0.018489659674705904
937.	0.13426981475939836	0.0029908136096150617	0.01554861633475144	0.11507937199611162	0.023633073720679465
794.	0.025920048450808197	0.0021973196146385376	0.014493233539179555	0.08376570154350471	0.017618326821392066
984.	0.09446352721192242	0.002261535530031611	0.01574023970971304	0.0863719501980007	0.017384270616771395
1215.	0.22599838653801874	0.003428487000741609	0.011825730161788442	0.05690911501334006	0.013270274540782981
820.	0.09679285159338424	0.0037560351710373974	0.0155391323400327	0.08550365709962116	0.01946082886278293
957.	0.017886867323918865	0.0022828433756811872	0.02474827836674309	0.11753528335301322	0.028143595022888372
770.	0.024818668247845177	0.002502272997968902	0.01786913759661718	0.1330601040846684	0.026976607372591072
1193.	0.01292988293079933	0.004045884479972117	0.01283570427507956	0.04025868843502467	0.010289457670442356
1197.	0.012101503203175712	0.0034268525691407703	0.013519729168737988	0.05119293556463156	0.008853134954689316
752.	0.027323621346437288	0.003166653955385512	0.024395587443143647	0.0792190041870412	0.019780145037496002
936.	0.0436926770883459	0.001925591041919028	0.010819391945815549	0.055014825168710146	0.011284574752873925
720.	0.07986953992556167	0.002573852852975067	0.01518401871700035	0.0761320093439336	0.016528142700728315
924.	0.02225934266763463	0.004268459202015462	0.013519890416492254	0.06570976000691842	0.01389007335438384
715.	0.040922866330007746	0.0033885286702500794	0.011024063904662339	0.031411167430597464	0.0057943435700978305
983.	0.019668363836867653	0.004287161453478627	0.01192814110109596	0.03477236464098177	0.007395672531868404
823.	0.11687919289670912	0.004404089625675622	0.013852347949800012	0.059764325128661255	0.012981309989034052
829.	0.01205092377675654	0.0028215119306536085	0.012813032925896105	0.060126160091966696	0.013217773393246576
765.	0.01922179033951288	0.0041678509655115326	0.01541976183265466	0.06343065768976097	0.013055417926476794
709.	0.01181607171400012	0.0028433007059761595	0.012705637030254418	0.05777676004201904	0.012939031129935788
839.	0.020823596284278656	0.00412745303363804	0.015485343153076984	0.06283572509059565	0.012744257024803437
981.	0.017760301131084844	0.003750378951229094	0.010571287779570422	0.05650218870895707	0.009654128002175057
812.	0.02558053886649958	0.0031782020869319805	0.01358036636154976	0.08967347529437109	0.01641307577779669
964.	0.026469708097743516	0.002765172460731269	0.013825833391609966	0.07041774043301119	0.01376720666404448
966.	0.011848313506715225	0.002597578911891163	0.008858002994152889	0.04560946963761203	0.010100834059418997
777.	0.019967440799297465	0.0036278622629868362	0.011030531733014265	0.05624237514466168	0.010074521936320096
926.	0.03638825562395054	0.0030373698568439966	0.009397935575124628	0.05236731923417326	0.010250677815982665
787.	0.006850261142542058	0.0015758481091329157	0.011835390899100816	0.06380412251048395	0.013659128340250869
873.	0.03117101633454822	0.0021782041933786633	0.013061856544931808	0.08545443291092791	0.017655869257284355
748.	0.01973480879939271	0.0016215411116123901	0.020035083849144063	0.08885862629273134	0.020505937724647285
749.	0.014091182593351292	0.0010716445828530263	0.023952626666405068	0.17112757949570767	0.03698908421761083
1800.	0.032217930801118566	0.00505430332725354	0.012995235015390157	0.06488851385856342	0.013273397455236247
1846.	0.006910870570627559	0.0011902921799150645	0.008695130372680323	0.04388757293058032	0.010007263205231796
1833.	0.020834201354691162	0.0013113177944428234	0.01894615552636452	0.10082017621818562	0.023081602009770455
1515.	0.03884404158620025	0.0006570095208399129	0.01510093613252995	0.08011608971728434	0.0206262399016316
628.	0.006791582027113496	0.0021034905074701626	0.02047553398549132	0.09761739948527459	0.02351337009353145
1874.	0.050562059207601706	0.001357243237021799	0.017058825663810097	0.08729972198019942	0.021963725383549276
1704.	0.047333508432363613	0.002518848171323529	0.030807243142211234	0.14247759344925326	0.034474289139300514
1762.	0.00871230091126951	0.0030414350553212843	0.017718031686800265	0.08332423537633571	0.019281548893576604
1888.	0.017675078298924007	0.003623542954869441	0.028830622138101034	0.10114787101215639	0.025049711753985623
1868.	0.009092536706221233	0.0014524445594713553	0.007767570464875243	0.07056162247354547	0.012916179367623331
1518.	0.01662034688499403	0.001748299285489363	0.007386551689472826	0.04594407646721499	0.008012162777419354
1890.	0.01474352286932401	0.002608209901760139	0.012290127634551607	0.050960016073454684	0.011985837951131395
1991.	0.028947317028513164	0.008080445547560267	0.02174959510105668	0.07061516641487087	0.01322831497863262
1981.	0.11097553595609955	0.006998964779137307	0.02113742107030309	0.07691788453059734	0.012707518978648424
1987.	0.03582773586158272	0.009865383223219837	0.018854288785385438	0.05522098746620796	0.008012206800589429
1956.	0.09163183202486413	0.0016055977365250218	0.013190097988206861	0.0698737693487258	0.015851611909540216
1986.	0.10088557005502918	0.005701571359294166	0.017696618222151905	0.039509653610381834	0.008453273767637517
1988.	0.04753605836360841	0.008258223820251431	0.02717589367332187	0.06655083034623865	0.0137067775385493
1782.	0.0609531485073177	0.00527488871973858	0.01768460537231506	0.052721992866675116	0.012090480762913722
1983.	0.03038724023039685	0.012396783002642797	0.02314474213140641	0.04330045385360026	0.007693508671255922
1993.	0.041047121477596815	0.00790369336934138	0.023562669936192823	0.0714501122876573	0.013445901305964595
1915.	0.06909845862126929	0.007914555819643954	0.029269051817650597	0.09092523930296148	0.0212277772604375
1948.	0.0749621058112303	0.0017491219270194813	0.012036177329257238	0.043549307969789286	0.010703765729595176
2003.	0.054721815791091255	0.00910626857483321	0.026864012758086413	0.08463522457505068	0.014748771278786406
1954.	0.0693783923033493	0.001075689103170463	0.011201417247224186	0.04678414908342443	0.011932894307794104
1946.	0.06524323291915346	0.0019618698885092156	0.013246535861243853	0.07603731263521496	0.014749976514050878
1982.	0.06569468554555602	0.007949697945470957	0.02619277349524912	0.08976573289343814	0.01749970137617003
1995.	0.08414525901497982	0.011623576698656102	0.0331991143131434	0.15310034944267126	0.026909246452650776
1984.	0.062290003190971666	0.011644520947516002	0.028060230518596286	0.06997458561505221	0.012488558206027735
1928.	0.22912645909798746	0.007458467640256261	0.03170154474587024	0.12663178588121415	0.025310528764413396
1997.	0.1477032470652363	0.008243485762957858	0.028871048721673148	0.07703452368122798	0.01987810469181981
1989.	0.08022231985001105	0.012947087718663819	0.02863270498840369	0.08249391948107809	0.01470294521278122
1920.	0.09536436062183984	0.007404077674930121	0.03129245708251556	0.08856839624869073	0.01742446628129038
2009.	0.09275581530639021	0.006018671712716528	0.0348870240496508	0.12030934549849193	0.028842529185537934
1994.	0.057039903011675386	0.009171595109647268	0.019605131719539877	0.06591449536313576	0.008877293512536738
2005.	0.02973746720570014	0.0129815346800769	0.02897366467394427	0.06210711999359342	0.012857898064428908
1926.	0.14814458280058418	0.008255970088527964	0.029438166742786244	0.0997040260757236	0.01718396882100824
2081.	0.09272184755155188	0.007500217472125925	0.030809516528151844	0.1087948758137528	0.02152256417732348
2007.	0.06787384619264103	0.008101318118963197	0.038686326771839696	0.10724593160152296	0.024893098185449464
1918.	0.02978027831031771	0.007238339595656784	0.04301741784478555	0.15382524279456034	0.040637394156330116
1958.	0.04088332529634342	0.0019572920029705676	0.02392420423929975	0.13054109282716575	0.02946362581768353
2080.	0.1338420567797345	0.00516949656679655	0.04568552812221585	0.2002900382713565	0.052275729884159586
1924.	0.09038211480644942	0.00878380589935246	0.033899350734751234	0.08738314828028193	0.019548304956991763
2000.	0.06207452630026156	0.0077656054505717	0.037293295218696974	0.11665224068146296	0.026730611590817674
2012.	0.1564645021390425	0.006385480538336208	0.03033343932853067	0.07803910007552872	0.019148873734969443
1945.	0.10247146054373357	0.003294966750804318	0.01634048810176562	0.06159752242772143	0.01233208388025178
1930.	0.07612518839984639	0.009392644747676315	0.0566505542637931	0.16407533636245486	0.04557401947629165
2010.	0.05645899140543875	0.008949684018375148	0.032799843226937846	0.10495827638987343	0.023825808541319906
1992.	0.020749337190538064	0.007017897367223025	0.02103388875407502	0.0663455639747419	0.012384948851906455
2011.	0.0270183830126548	0.011782216550701663	0.025803652537229223	0.05761871329447532	0.011661127523219782
2044.	0.12635482677724952	0.00975506006151583	0.03425471551371982	0.08627813992928668	0.01951413935596047
2075.	0.14442779599655275	0.009329508999536773	0.03796220491641226	0.16477935026789836	0.040639453449576535
2061.	0.10599530325678397	0.007447832418105094	0.03367845624882555	0.15279056640536026	0.0365235920098483
2001.	0.0755709420092534	0.012727642314716014	0.05452763756715521	0.1652327583904546	0.04223659220901216
1952.	0.037923947032717065	0.001594714080558779	0.01197144338391574	0.05025797295428169	0.011991284936742444
1969.	0.11870202921285955	0.002650679092706998	0.019049464283002283	0.056791118165509524	0.01610217421542486
2065.	0.20185701139665513	0.007045341820531403	0.032042776130334565	0.08199722477288296	0.019106091898380688
1979.	0.009135552817357895	0.003413502029511184	0.018066829082351812	0.057944289231002255	0.014793465034705801
1968.	0.06355692047917594	0.00940315575885442	0.027924637329676285	0.06783538930774236	0.01608519227023594
2057.	0.03387591749883434	0.009028864150991023	0.0352178748612396	0.0971148774534808	0.02269610597656199
2048.	0.05052546908255062	0.009085999363877217	0.02729047147013916	0.09242110006716064	0.016935671365586633
1999.	0.030669033892473885	0.011095903051171585	0.025635367846409504	0.050519150604595775	0.010795444010116147
2053.	0.1262928107031288	0.004376389465506225	0.026924247012621135	0.07971596958536364	0.01743257558922956
1921.	0.14486631927208893	0.007458569347196575	0.04101238056280169	0.1386391074157839	0.029488789898968897
1975.	0.06936345986345327	0.007508047295428644	0.02231409029238235	0.06453270087089114	0.015620555717423008
2058.	0.23907226085056676	0.0062877277711103075	0.03430523258915408	0.10524049844052752	0.021029801353730473
1971.	0.026641819628167362	0.010627631685996453	0.02557428530193618	0.07789704333856418	0.018348728388145497
2052.	0.15070404173247443	0.012024895776136413	0.03250908411516936	0.09658405050537389	0.022433913294067742
1951.	0.06183280894247056	0.0021276940503932584	0.015617560280878993	0.0735778394279849	0.017449859950702442
1973.	0.025671736659826472	0.004447966537491799	0.02132064249647568	0.054520374480796274	0.012224851124218188
2054.	0.06406591686550456	0.011815683003760014	0.03153681134170791	0.07746023476735131	0.015088698094731186
2043.	0.1207687868323063	0.008274259664138306	0.023585214722721726	0.04225642642695526	0.009707532498802976
2045.	0.031983694512038974	0.007446028608028232	0.030400580224359264	0.06436012993232099	0.015418236526194503
1927.	0.0359315129416089	0.008528693900357376	0.03677125626738263	0.12038603623965127	0.02797621782910804
2049.	0.12730670296988023	0.00694057513268298	0.03207667268674374	0.13544626577375163	0.024330306832225132
1959.	0.07262487475893531	0.002612084090940714	0.019159561836553658	0.08381123475562324	0.018858839688713942
2070.	0.05016805582562467	0.01013464593942992	0.03700581457227978	0.12094190788238912	0.024961599506609457
2064.	0.09751400856243331	0.00877494884070762	0.03706349483295674	0.07312868204988798	0.017032651054000376
2069.	0.1907623675162715	0.009231562317543962	0.03320021766040748	0.06843602774570323	0.01608301257446657
1957.	0.05109505058473496	0.0023670143391939513	0.02329716554333981	0.11992962851502442	0.026675556257279902
1977.	0.03753133607120862	0.004280043564410807	0.022010972865437663	0.05948431453420722	0.014923239956415875
2073.	0.11223912212557707	0.006313205115783371	0.03506664648354305	0.14065260248559486	0.03651173136499154
2079.	0.10148920932215744	0.005407667727732157	0.03202233019460341	0.10226422593977713	0.02342713963236133
1923.	0.12270819975235692	0.010003339951731194	0.02339581211125874	0.07933507448376964	0.01728117447957769
2004.	0.11424504938034719	0.006508827222923563	0.03989983516905453	0.1733985539094316	0.03800905084763279
1953.	0.02023425934585521	0.002848199078976932	0.014957102484825933	0.06035647659726229	0.01503571152255684
1947.	0.03903330886969636	0.0030167204680889848	0.01433766299593964	0.04463763883422456	0.01169016473279514
2066.	0.2973716599855216	0.005833421203653155	0.038820531703148926	0.16994566247806553	0.0407020562866019
2017.	0.031010687493007283	0.0094613245264481	0.027081203109462056	0.07312266581556748	0.013073688860029306
2032.	0.0502809462131405	0.008237524724743817	0.04129603487342871	0.16501033721744163	0.039820232057432174
2074.	0.09400047507511089	0.012118124166668354	0.024786595929107622	0.06964170370257716	0.014425773010103162
1972.	0.06641128798366125	0.0026698489828871352	0.027748052710845447	0.10706723951088182	0.02800524100810052
1998.	0.08013433882231324	0.011780077114917353	0.02950437585137445	0.06147792477672398	0.012998440275548513
1978.	0.042107855067390565	0.0024996563719072995	0.019513313683416005	0.06426356064508021	0.014643931740501702
1917.	0.0507751949569053	0.011825111885038542	0.036769117841745816	0.0751590918270415	0.015729429668568065
2037.	0.11912914100721361	0.009260956637369033	0.034661039180685325	0.11170131810029049	0.023583882505428595
1929.	0.052176773496417916	0.01036669742896501	0.042128553983105624	0.14340486859237966	0.03416232806010558
2039.	0.06736416029001546	0.007212791208357494	0.038190116317417276	0.13076191804656423	0.03423762790294463
2016.	0.03331704415246395	0.008291611397971077	0.027892378737838917	0.0729482906371881	0.020192067986436173
2006.	0.05034553321872348	0.008474448147417601	0.03921473229707464	0.10367906060874299	0.02518009061623495
1976.	0.014754544914503898	0.004524126509637516	0.024191116229304657	0.08692997091204502	0.019637224146855783
2015.	0.013286910782653427	0.008753614884790983	0.035578062059302376	0.10383573965580095	0.029044097176274927
2027.	0.012612496252654926	0.009685001954869321	0.025512573584257195	0.05969398205940912	0.01124481162593402
2038.	0.06460795704054456	0.009573658545431019	0.02591293085451315	0.06690147881807329	0.014035604693405772
1922.	0.016655368938788162	0.006668830090032496	0.04207198278343771	0.13265680063631025	0.03718048957786025
2023.	0.020056177416936993	0.008643561424076518	0.028345431941436065	0.05783461807708423	0.015124195951357713
2022.	0.04967427974860228	0.004161986095966741	0.04081699209903543	0.15392389083753177	0.04099890790970312
2028.	0.09758537234574904	0.009795084283983235	0.034991374638184296	0.118670640214537	0.028835990385270724
2034.	0.07711856395974603	0.005935317223740744	0.03245176077553496	0.0778862473477262	0.018917071695729572
1916.	0.11885883406213071	0.008075428193500156	0.029033295345188746	0.06869137967143224	0.01749329115065577
2021.	0.12433576728451501	0.006484125137076191	0.04418234980592077	0.16041848282012716	0.04096661952235894
2033.	0.1096886888186469	0.007834111035262104	0.027020738853004506	0.07584243712087513	0.014740722966904317
58.	0.03419331935243752	0.00408203241115368	0.018380900695666152	0.08621057661236309	0.018125852598748077
57.	0.015617207721262849	0.001599882536310493	0.009812401298125214	0.034297910441316914	0.006599793653530074
62.	0.017340996065410064	0.001985173411021779	0.007715176474920517	0.026979759462381736	0.005056329697243568
165.	0.35577781783228624	0.014156777594509284	0.05692862671449681	0.12299443401707888	0.02596078441133454