SXS_Sim	mm22	mm21	mm22_nomr	mm_21_nomr
163.0	0.002309752423586331	0.04666850547137802	0.0011578798778157928	0.08866062978176381
161.0	0.004537248553800111	0.31758840642776376	0.0035862399337401873	0.04430327710754034
164.0	0.0010451617936007018	0.4023091471029455	0.00037117274857789706	0.06906742268883848
963.0	0.014394200013212344	0.005491654763034037	0.002671119332134708	0.00252302659595105
1129.0	0.006862037984809888	0.2541926196982278	0.003656994718836515	0.08169294325375387
1217.0	0.004440731417891142	0.5095814761353827	0.0032240063409479935	0.35743693918311314
887.0	0.004638058001750545	0.008494923404428922	0.002238952590359	0.009129255322582353
1189.0	0.004650884329945981	0.0016749882801094795	0.0025707737750145787	0.0006146456243787402
790.0	0.006748806806353702	0.004684456952229743	0.004052419012241404	0.0008983147777259504
907.0	0.0079902447864042	0.005401498857909859	0.0033961512395895843	0.0050196331922898185
788.0	0.004417618848672755	0.025038124508753312	0.003274924614862007	0.030116714465410088
872.0	0.002635766817166041	0.001094142214288718	0.0008854393828876539	0.0012924986200593125
861.0	0.0038767609541880965	0.0033900262692956318	0.001999816621798378	0.0010354295621142207
853.0	0.0016464713215141868	0.16295306865294568	0.001169196603290068	0.25381258577423504
767.0	0.007102852985732766	0.0017237684452876545	0.004666592015640791	0.0015504796389618214
841.0	0.006566384113362411	0.0016135517686700629	0.004595237510520933	0.0014630804137598652
1205.0	0.003769856814794026	0.0005228751550139243	0.002455665038294641	0.0004362249914551253
822.0	0.003768513485941871	0.1025384698239199	0.002187971460345328	0.05395477145904937
935.0	0.007511039384391238	0.004486449178004781	0.004142720616667539	0.0011290845359459567
927.0	0.00248882908650494	0.10623377801773626	0.0011171783323931095	0.11255010877312621
897.0	0.012168909465583244	0.24470919322921836	0.004936038593716607	0.13428112866918962
793.0	0.0037539305513633048	0.002431354583812495	0.003122547457242053	0.004522196243213816
803.0	0.0019599283107721854	0.01571002625216955	0.0012744188699785886	0.057261803078770046
967.0	0.004915632774959211	0.1608892334086699	0.0013790922506233816	0.0707635264147316
925.0	0.004219503481192821	0.0060340811662566995	0.0020888337414327607	0.005242462074967924
965.0	0.00400323363443067	0.2923949800112732	0.0021844282703005202	0.04963590186817779
982.0	0.00579076337647233	0.000653184021008002	0.0031780189308988627	0.00042591883714482304
876.0	0.0021736115525252675	0.3780198340861828	0.0013030199528827335	0.2792466627232941
865.0	0.0028755867404043345	0.0015074415349043413	0.0016869506425434277	0.0007616400354880648
1188.0	0.0018124834417011515	0.0007226494383105742	0.0008579166005218131	0.0005714252912870643
856.0	0.0033628169975572497	0.0011083145664763094	0.0016349366022858636	0.0016810294030046302
764.0	0.009452882856593514	0.013804262475095141	0.0027761996332575922	0.0018462704953146059
838.0	0.009472079010745649	0.011917926957319747	0.002755814976409532	0.0016715581689323855
786.0	0.004534624914541596	0.0023173535928896483	0.0019599649069016456	0.0008287046329849002
874.0	0.0043580242138319125	0.004357621880399787	0.001552316082891969	0.002525795817772014
863.0	0.0027360990631963844	0.3355428521569438	0.0007140956637969875	0.21068029356893425
855.0	0.0023114777665630415	0.0028208138546041983	0.001305527581657695	0.0009379219963622232
1195.0	0.005174221782975996	0.000675655093237526	0.0020147464452270336	0.0004552264388856253
3.0	0.0014929416339346524	0.427180251925375	0.00041606398501503605	0.34325205179101936
88.0	0.004343418424941792	0.5290846345929259	0.004014017920863755	0.22178840294130242
1028.0	0.004751945383469902	0.1939511171454934	0.0020752420035048402	0.06690852201914976
1053.0	0.002746050006713685	0.0011729591336148149	0.0012131424865577944	0.001115307690256584
1067.0	0.005129494129720857	0.11099403196133961	0.0025554762838512213	0.14044122738495923
1006.0	0.010050049243031767	0.05795769476279544	0.002712558405632781	0.14516837607633726
1048.0	0.002711401051471496	0.010232764438989905	0.0020583541969962926	0.010410175136715383
1079.0	0.004119190856900601	0.0026097927229971063	0.0019739032102995546	0.0009150028497391105
1049.0	0.0063055746397217005	0.001319888684385262	0.004072537550187549	0.0006510740364449319
1035.0	0.0060622935317010684	0.0031537257707340283	0.00376135909922215	0.001226665224843937
1066.0	0.007328341073784994	0.05397495083398063	0.0026176280155546516	0.23569593307263847
1019.0	0.003651030113427267	0.0005463066770412528	0.0026348314808231077	0.00015173540782598138
1076.0	0.004509498233977061	0.009433861625171791	0.003028267482709235	0.009011736801999182
1086.0	0.007342240997069371	0.056810333539519364	0.002370840050267331	0.01660021412028312
1071.0	0.0043362313780602735	0.014226552590785424	0.0013607014439207532	0.0021333656425180925
1085.0	0.0051075498289339105	0.13220717021837425	0.001484745468820159	0.028657264903303004
115.0	0.0017683200443142644	0.0016258056903390994	0.001106281541272791	0.000494082346272462
632.0	0.007349471750769165	0.16595222196894555	0.004053479594308573	0.01638194852488073
117.0	0.0019711279100765866	0.03705388586523228	0.0010669151119784281	0.019659565339126606
116.0	0.0018806953939957127	0.000896050926360803	0.0015290257242627225	0.00048347282780802914
1042.0	0.004355973760223453	0.08377409868336283	0.003381266783492931	0.16185197256444095
1078.0	0.0023618266068827776	0.12430403834384252	0.001569116162270845	0.08110696366269354
123.0	0.003534527757683148	0.00092091711698572	0.0022544328136370195	0.0005505456726393465
1045.0	0.003195690978867405	0.0005998334491550406	0.0022620479796130466	0.0006502171934955614
1030.0	0.0066860723137038836	0.006378497336119171	0.0019677814582385045	0.001363717805151765
623.0	0.003103621218629171	0.12317453165009018	0.0012116826450599971	0.020359597380549932
1065.0	0.0027031588771648796	0.07703905720580406	0.0017400879363792532	0.09917608554544843
1059.0	0.0019173001396174394	0.0018901389578472871	0.0009840288227801475	0.0007208784716038474
121.0	0.0033091314479294365	0.04090428540484681	0.002242823405301242	0.014495348099604954
118.0	0.002716203298196218	0.014374230228037299	0.0017529102728641721	0.00829825910080495
120.0	0.0010849122726481752	0.03110041164268007	0.0009143304729926083	0.0034404628648846414
119.0	0.0018120575240574421	0.0057458444919761265	0.001474095583249846	0.012347681117571008
1027.0	0.0019159902433422138	0.0082090967254842	0.0006338488456565372	0.0037662057725940112
1012.0	0.005483560824506739	0.04523163582236722	0.0017049977790275506	0.06520855983692364
1031.0	0.0037648970684369676	0.20200154104482893	0.0015128258275154405	0.08088541831848872
1033.0	0.003298285373274923	0.28542986428811334	0.001621754874683523	0.04183227817645241
1010.0	0.002140562060748752	0.049051118351605694	0.001668329307741634	0.0587245851885031
1018.0	0.0024405661484406815	0.006569846094342302	0.001830897773518303	0.0410240153208965
122.0	0.0033971115565376575	0.0005134426762070099	0.0026914569860811977	0.0005297572718832022
1056.0	0.004229928413610473	0.012893277994252772	0.001444556628922955	0.018354663162601592
1009.0	0.0056579686532008955	0.009919175273716219	0.0026621074475350337	0.004244346811881017
1008.0	0.004915707532648361	0.011144515119838605	0.0031096056365264024	0.012630565706928887
624.0	0.013304986914772665	0.044526218093120074	0.00332519738506043	0.008736777060669332
1070.0	0.0026594775342001498	0.0053665932885135215	0.0013615254786164543	0.004609327291414167
1022.0	0.005368201908897197	0.019750480870644682	0.003986410197613699	0.017946309919697145
1000.0	0.013166024276667576	0.022076986645252372	0.0019741167009522664	0.019284965437125656
1036.0	0.0045931302989912215	0.13041330465302936	0.0020610167505636934	0.07440604158292674
1023.0	0.0003997678763923984	0.0002014883364525044	0.00030193355306684655	0.0002179199997477399
308.0	0.002252046032754973	0.001166662306355537	0.0017917816605947934	0.00044337699969188016
1020.0	0.006946780369775585	0.21156927140426907	0.0023315217343452543	0.2489919501048543
483.0	0.011179662584171468	0.2827311059297294	0.004006406974614407	0.06700738407587337
1224.0	0.001034104433592753	0.00498487640967038	0.0009617603359726168	0.0051610886642413645
1051.0	0.00391824782601824	0.13722836953054418	0.0017420045902053483	0.29352963919560626
1005.0	0.002894993776617061	0.001719343940775997	0.0018253637786583843	0.0027893376695516947
1041.0	0.005292069972232971	0.04533267324894874	0.0017527489578553768	0.04014957281589426
124.0	0.001539558635151872	0.0010932858639284282	0.001138855867654387	0.0013517637420239481
1029.0	0.007947322643255261	0.32573737230665334	0.001996258409371565	0.03779967788757965
125.0	0.0031578711553088556	0.0026297829489810853	0.0021487041823964326	0.0013481785364565235
126.0	0.004469183680075872	0.01546175819349771	0.002488594933079513	0.005824698688606245
1039.0	0.0021824716453545667	0.02294782235630366	0.0015782638688728312	0.09812589743571198
627.0	0.006141399907589107	0.0012670051580159214	0.0046849237091300955	0.0020679196392155985
142.0	0.004043027284800993	0.0033170469433662086	0.0021744008393137504	0.0010804274854565588
143.0	0.0027784115836980705	0.002338885099137933	0.00208812696372751	0.0006896013646190413
144.0	0.0029650491472138496	0.00046190204187823714	0.002173209163933487	0.00031904951805783455
1087.0	0.008944723745156868	0.033266023011759294	0.00401363619424866	0.018472612965182877
1057.0	0.005233967748282442	0.0036758207277152177	0.0019920689914059153	0.005264924918132574
146.0	0.001039114032747479	0.0009151414883890041	0.0007759774852514889	0.0011052745086179705
1077.0	0.004810098371929472	0.0050358427351523405	0.0014605018750981635	0.0019500551055305904
951.0	0.0042939914248050215	0.011793999910322595	0.0022151678176292044	0.003637750692741748
771.0	0.004081660383638552	0.008626105685787921	0.0027459283009036994	0.015012876865588387
956.0	0.010890608706184857	0.00859873354176477	0.003841315575164539	0.0033039564476282646
949.0	0.007064522139960783	0.012917632356474917	0.003562735471174361	0.017823279581191676
716.0	0.00926792986905245	0.0136428459532838	0.0032424047052012073	0.015715328489011915
758.0	0.003747584651855651	0.04054294954997273	0.00192888583481865	0.004592021700209004
974.0	0.010731403559904762	0.009617835438741507	0.0024380286287695174	0.007735177358100809
732.0	0.003149981350412445	0.003127420051626917	0.002118337911252488	0.0018588551547087384
739.0	0.0032897803923997992	0.0030825912818147616	0.00226705790155024	0.004722458075704261
915.0	0.007988435245660175	0.01687130546083293	0.004163348567086889	0.008306625286458535
989.0	0.007670303849550475	0.01589796405676913	0.004072765299027781	0.008290093684630073
1200.0	0.011688481760096181	0.019228009988300765	0.004044689405848234	0.024143380260564173
813.0	0.004597762976705444	0.00795361185452037	0.0025759941857561586	0.004529026128368474
977.0	0.010776742854199828	0.014791989023299035	0.0032906383387123483	0.017921250936059452
721.0	0.005315754075118417	0.009675468629780193	0.003933141480665592	0.024579598124076174
751.0	0.008761104056723368	0.3421735637485692	0.0035149515012786736	0.13969796585447103
918.0	0.006842587039054049	0.010103940151740987	0.003059444320698934	0.011227183563552678
840.0	0.004968706698616154	0.035786604275702905	0.0032589745648645696	0.008900711920585724
740.0	0.0022058075620632334	0.0020510330132039734	0.0014892526699947783	0.003866063753720339
890.0	0.006334730044502024	0.01301980919427681	0.0015235450871634582	0.005064315372485639
842.0	0.009081671093751686	0.0075849287159687195	0.004525361977623654	0.005810333917867672
722.0	0.01025300768012316	0.013350606559800804	0.0033638397259543318	0.017150270398646805
910.0	0.0052543571149586965	0.022827060804249566	0.0026223196424424167	0.003973181092569833
942.0	0.012595658553571476	0.016309263021358045	0.0028804393119027383	0.00785884884292165
992.0	0.006542339104592232	0.009705734105520891	0.0032619102219881846	0.012546272780307732
1194.0	0.008846081472847711	0.015269091869901552	0.004806680026860577	0.006534922273744415
717.0	0.00784512691002237	0.009275808620415993	0.003976536773811268	0.008316363082443101
1207.0	0.010411831692828666	0.011358483954962417	0.0026509763294598754	0.012153819263587162
768.0	0.008481065476959482	0.007780528400230913	0.004403042479010799	0.00555333045321782
944.0	0.010462295243986008	0.007341963172101895	0.004718215501218093	0.010685179660537614
934.0	0.0058320971429088875	0.030056133248438255	0.0024128142524649787	0.0054657862196233475
766.0	0.005863916194620011	0.04342372794478566	0.0032226887305141227	0.009084455536592762
778.0	0.007221412959032336	0.003681650107471568	0.0043640628518705205	0.005369108566111613
796.0	0.014524134210760264	0.014084185894147394	0.0036048756762194767	0.0013756616554907453
906.0	0.011139832470113298	0.009444445484006136	0.004338179377575302	0.0029093540306728283
888.0	0.010497874727116274	0.008161873872314152	0.003163207850014227	0.005070671226981793
976.0	0.01234103169391254	0.008052219693179263	0.0054378664528395015	0.006344290395108199
821.0	0.006206186059387164	0.006007005172956603	0.004642050171272394	0.013253016244126226
900.0	0.008150850119622244	0.009932891422489432	0.0028460564979504444	0.0038840633023579096
710.0	0.008074897459484753	0.01271560650073078	0.0042273856725970615	0.005207689739829879
830.0	0.0081023340245987	0.012598254978514523	0.004284207410176544	0.005278493397456341
908.0	0.01109441486578433	0.004408429474907494	0.004846385041696211	0.010124964228734545
806.0	0.002285151729918722	0.0005595955262794883	0.001291374020809477	0.001033473034473431
886.0	0.015335255537105241	0.010855360112653423	0.0040712800101355695	0.007834434424138559
789.0	0.0022040424708639206	0.0043836544989053206	0.0013478158552239217	0.0010103563194090448
943.0	0.006730931321526801	0.004968958826896297	0.0034158353254909457	0.0034213277066832415
798.0	0.003067692684421419	0.0025699853793822447	0.0008377163993553705	0.0010816942513398597
958.0	0.0068596176467676795	0.02473708665857588	0.004341264764903707	0.006320058058074451
1204.0	0.007803333822857361	0.005297485499638599	0.0032907622360562883	0.007958221690779532
991.0	0.00502845623310022	0.013643039566228365	0.002076136107326376	0.0032527138507202347
928.0	0.006832233625617912	0.008674960881438376	0.003040305506546881	0.004581395886581352
896.0	0.02553818498903948	0.048665571996489465	0.005679830289702981	0.0031513521658363963
968.0	0.0045860736475134	0.0082689455349797	0.0022456549993831176	0.0032768809812829813
772.0	0.011576216803069084	0.012603019727757125	0.003710259026615037	0.025446582901833104
791.0	0.004047462022826243	0.007330063529831898	0.0021257403059025126	0.0012313513993102987
917.0	0.005526216124099648	0.015005176749453564	0.0021063390889705103	0.003180763464455949
780.0	0.011564153444057923	0.00931997065625334	0.0024466356343728624	0.00521948294597141
898.0	0.009403119554247885	0.0049660769247462655	0.004112963422670868	0.0058526524059000495
804.0	0.007697505328889687	0.0008318541080098996	0.0033461934858333153	0.0008618634820450888
731.0	0.0014355115021664755	0.002592353346215104	0.0011039714581551063	0.0027417356433022677
814.0	0.013014604662573648	0.011121333641976427	0.004689048981805888	0.020845749129197233
808.0	0.0029361462463185495	0.0017832781619711024	0.0017911826930779862	0.0023767628207364
757.0	0.00943180414067657	0.18085302467517472	0.004818642696743813	0.053881807202181276
711.0	0.010675304567799304	0.010679998891628628	0.0026043376319156986	0.008932677096171737
950.0	0.005190758527481187	0.006130832589575808	0.0034397377223223113	0.007119758684738464
937.0	0.008487146243162935	0.0068380314418416965	0.0022698489929039445	0.007953161891127825
794.0	0.008377939527065337	0.000901914234543999	0.004989015799579	0.0027347134678120666
984.0	0.006654242724772885	0.004156146263186611	0.0029437725743202137	0.006380329748930436
1215.0	0.011697556060204395	0.01959563596358227	0.003619275566575042	0.022495315157596618
820.0	0.007621000978463299	0.005882806423902043	0.0039620597184527595	0.00914022598524844
957.0	0.006173276454588983	0.013805428525614283	0.0029743227976953834	0.010287716095846555
770.0	0.009070503869419544	0.004824296535661854	0.0025599830074611862	0.004548208556024558
1193.0	0.005887349054091828	0.0784159525753414	0.0028225524054492634	0.02176926211856567
1197.0	0.025830352884725682	0.05939164476978498	0.006628909085204748	0.008080578143378148
752.0	0.007161993202521755	0.01866041175755595	0.002835778699567859	0.005743952034666822
936.0	0.01729190335112618	0.013774760489073112	0.004753665710328425	0.005256218006741253
720.0	0.008530591543540078	0.004740700376105966	0.003356382304595673	0.006252179572275418
924.0	0.012430379488983734	0.011455436883737291	0.0032252974659451317	0.008029232391690955
715.0	0.021795567428593343	0.03175213793976217	0.006361664570852632	0.007199646409637439
983.0	0.022330558277279144	0.03167497946012077	0.006886332707153442	0.0073407304910124704
823.0	0.005630723902669055	0.00887428314878036	0.0025347148417520504	0.0036893002854516688
829.0	0.004709981899589377	0.041439748273054966	0.0023532761969567995	0.012997934939373956
765.0	0.012779811580912126	0.005462059833730493	0.0032756073608041225	0.008305518078206342
709.0	0.004618803988502895	0.041893467806184415	0.00227410646935311	0.013441139148760217
839.0	0.012531558841314405	0.0053000825607788515	0.0032932069436955036	0.008344212104161919
981.0	0.005334214828790262	0.03966273984741109	0.003034451991873466	0.014606656846365751
812.0	0.018205917699416263	0.02208319593847674	0.0044929895950447385	0.00462468373953584
964.0	0.011987250194614996	0.01353937871768629	0.0029608200996120715	0.005565767709769021
966.0	0.013551305018899229	0.012240496252617694	0.005547803143219121	0.01875249734919504
777.0	0.0059722258291572405	0.034259888388629256	0.0031908172922013867	0.016880684057924644
926.0	0.013546670040471165	0.010518643036078634	0.005172665329241766	0.013743356865500544
787.0	0.009604574909571117	0.002205248052479236	0.002422833150001802	0.002114367176437093
873.0	0.00799469603527636	0.012521995477350556	0.0018636526518818197	0.0061651816558423445
748.0	0.008884858929220751	0.04186483956846454	0.0014126318904784663	0.0036085396024195804
749.0	0.01550687980722154	0.22706801128370224	0.004764784844577763	0.1147859561441209
1800.0	0.007850836180053	0.4017245386999515	0.002495424237373478	0.12077032117203279
1846.0	0.003792187345235898	0.0256787730952176	0.0016491383278846028	0.012381565555341312
1833.0	0.005933625834394052	0.002200320921490584	0.0018668586073959936	0.0010068113519978716
1515.0	0.0016751051453524068	0.0029854865664117325	0.0009112625779599259	0.0011291568931359741
628.0	0.008916098193090582	0.007628841166567035	0.003764059826082855	0.005835715904960459
1874.0	0.006900812495108988	0.17782639087934848	0.00363764543852918	0.2808074468189534
1704.0	0.0060983926377400355	0.0032920858796439134	0.0016472670047811278	0.001466523537667519
1762.0	0.00554890447886891	0.003532261399772252	0.0016015053986644379	0.002115238281233056
1888.0	0.0031425540988169187	0.001191182202676555	0.0009804061007050446	0.0013046644297382004
1868.0	0.004764554032026913	0.00606206275452037	0.00265574214945008	0.008399376884463017
1518.0	0.00900851085859855	0.010325938835460735	0.003078072411995869	0.008214178139743677
1890.0	0.002374792594773023	0.006103522005921791	0.0014642527278228012	0.00200135077680752
1991.0	0.01940549621608878	0.005834382901530044	0.005862630440530481	0.0016609986473897775
1981.0	0.013389099732027288	0.0012983014196700227	0.0060747631142328284	0.0021845438336653977
1987.0	0.017081875735175722	0.00809793462743158	0.005071732538849849	0.0011652934435011364
1956.0	0.0037118893447657397	0.004420372227835645	0.002044894993794011	0.002238244349951346
1986.0	0.011903758472016746	0.0011810276258704677	0.004324801880460694	0.0021231007167821225
1988.0	0.01644115403044233	0.0017253559921673878	0.004953099417732809	0.0010004529450609034
1782.0	0.012436222593958046	0.0024119044331393225	0.004794132768545456	0.0012584492281149107
1983.0	0.021305084867332846	0.023963962156849483	0.0053707872068075035	0.001505722914786678
1993.0	0.012487570419518756	0.0006967952755855267	0.004259694999715458	0.001486763496346133
1915.0	0.01596466551185549	0.010197715403845953	0.004311143474783008	0.01119162093253978
1948.0	0.008741669524729656	0.0040031472251773614	0.002632115142157443	0.0017133006251649485
2003.0	0.03892506649277083	0.07612251714230356	0.004567120313880069	0.005760431449903236
1954.0	0.0042177804099341465	0.0036653007881117805	0.002526283169218102	0.0019899965909833117
1946.0	0.010284252486154943	0.013574603646957173	0.0026702912801924716	0.0016695798789753136
1982.0	0.010406369341702804	0.0014983868750700902	0.00354788766385139	0.0022183752395416034
1995.0	0.011277881939652179	0.0037346194813426825	0.0029429403650944597	0.0021877974806860934
1984.0	0.011203375035831131	0.001310624844273689	0.0044932725831829945	0.0011770294112048996
1928.0	0.01707022904312472	0.007932634464884014	0.003928212894751204	0.008628902132176597
1997.0	0.024095741286399353	0.006645628508285983	0.004892656388731709	0.005531498036353777
1989.0	0.007528320871980854	0.0020080547169244456	0.003322482413829708	0.001744847558620477
1920.0	0.03706984479869513	0.05613444087003894	0.0051946301348878565	0.0068072442338054096
2009.0	0.0208112484931382	0.006034835705985064	0.00611673782549893	0.008616218383297514
1994.0	0.008093888988763842	0.0013755330985593117	0.0034592958923265194	0.001217485548859476
2005.0	0.02194897402473206	0.011461320142988729	0.005739492390845258	0.006838875890981422
1926.0	0.02202153135398144	0.01049329586840475	0.004920858148185547	0.008038485217120805
2081.0	0.021058605555650978	0.00810010548489315	0.005172362017146659	0.008399462998531448
2007.0	0.028660374125564547	0.03262889932939861	0.007187281148040792	0.004108857048940595
1918.0	0.015201769465199022	0.0062268180001778806	0.005066340616925791	0.008309006999438817
1958.0	0.005343317707625861	0.0012133626581313228	0.003272855134678676	0.0013917521703795677
2080.0	0.015601603011378029	0.0071157615116729245	0.007002953948139878	0.01285196377815745
1924.0	0.027447843086964796	0.023668303793035306	0.004270246668254707	0.004225530284815204
2000.0	0.016972946474811623	0.007475336406672306	0.004680392637093411	0.008659907727692207
2012.0	0.010096125949568213	0.022988340344104907	0.003734705924907211	0.0056996850699467805
1945.0	0.007272543421420807	0.0009650922415573859	0.003950495906315465	0.0014824886689139838
1930.0	0.016014035128178672	0.0067966245610717735	0.0057550501228061934	0.007513466737556818
2010.0	0.021434649817232865	0.00756121159347245	0.007218754299864738	0.007407433229311033
1992.0	0.007791244111842954	0.004596114974105725	0.004119179262747075	0.0035104706544379916
2011.0	0.014503758544865963	0.030416206542960733	0.006901189055755652	0.005573205365657086
2044.0	0.027430291009422514	0.025760715230274345	0.004654465349355319	0.009256556185429865
2075.0	0.013175082567375207	0.004521088030798981	0.00616551105853036	0.005823094653005567
2061.0	0.01535871750439044	0.007142441442414715	0.004272447973290405	0.004246346161612791
2001.0	0.03125402304896774	0.05203085797906959	0.005268032771246101	0.004259061483826709
1952.0	0.0042696632880805385	0.0021069085952644118	0.0021559739564847025	0.0018466883146656121
1969.0	0.005036068722678588	0.04052042036807624	0.003242146104096899	0.006240152730847326
2065.0	0.027140996160802677	0.03126872579945672	0.005173166254993755	0.005615411666225589
1979.0	0.014888167071147818	0.024955299286539168	0.0034005306663467127	0.010623743662139917
1968.0	0.009193926143125086	0.01474764514371929	0.004746814482762929	0.006484611025540543
2057.0	0.026046188638370382	0.020930106142944438	0.005543609500101465	0.003886688344319711
2048.0	0.020017429047626933	0.009374487487594063	0.007207616119827787	0.007179449297371687
1999.0	0.013354835843498947	0.02927726880915149	0.005642470278281575	0.0049274537597164825
2053.0	0.022247082190704925	0.018241405930486954	0.0035306352837114474	0.003932421047996626
1921.0	0.02100324157243716	0.00608500998355932	0.005845928841093695	0.008356409303927781
1975.0	0.009858686906929703	0.046272252950283255	0.0031278451357861226	0.00690843650310724
2058.0	0.01419327456112529	0.025250438249859064	0.006389352292075934	0.007985533861839644
1971.0	0.013242010860904707	0.0270356466022037	0.0038974348373539414	0.006938361429617346
2052.0	0.019387618873951462	0.006747767341121369	0.005214103062094466	0.006356257878544991
1951.0	0.006587111289133363	0.0016764705760335952	0.003401827030147353	0.0010525165370646183
1973.0	0.011878441717905641	0.017298087900561643	0.002410574985013736	0.00785304869891168
2054.0	0.0364210052083036	0.06275000137060271	0.004383312817472507	0.0068773688633103625
2043.0	0.025616155745342595	0.010209073398778634	0.0060595333452223565	0.005730050336511527
2045.0	0.025523025296712354	0.013377151030470436	0.005194858659135382	0.004870985216657853
1927.0	0.020266546217069026	0.014147828553861985	0.007535218927182452	0.007935887991145085
2049.0	0.02546187650446774	0.014512845896713422	0.004926479627661462	0.008757063821860034
1959.0	0.006799446305392864	0.0064492260679795965	0.003484657229317345	0.0014405431875009755
2070.0	0.016414921340583755	0.016645773250939633	0.007971977236942873	0.008011358256989065
2064.0	0.028568804797017844	0.022024540282698846	0.006132599316868492	0.004556130514277501
2069.0	0.030049490162737502	0.06808091413078965	0.006274939664242307	0.003642885491572878
1957.0	0.007111255022235086	0.0019682429847129868	0.004110826762090292	0.0021546817970540255
1977.0	0.010260698872734508	0.01673877225615794	0.0024806356583444433	0.011528336278985418
2073.0	0.012517216940790443	0.006200285407679695	0.005189283553476365	0.006926920825915173
2079.0	0.012840154867656883	0.02249426126488019	0.004788263692615757	0.008510528112473215
1923.0	0.019983395754733402	0.010492410067035718	0.005591665323591344	0.007357720282961777
2004.0	0.014586014428671246	0.013039151898457613	0.005813473736566155	0.009254433607963852
1953.0	0.004359123523109187	0.0037145890925563974	0.002281006664846541	0.001312558086629223
1947.0	0.008959340922356285	0.001990015777244558	0.003539686584334123	0.0004993702778915976
2066.0	0.011860980310652192	0.012125790232802802	0.004545427981073713	0.006837131255881146
2017.0	0.010242554256232439	0.030479285068610196	0.0049326160683597076	0.006694393457625791
2032.0	0.013629941249867272	0.007154778627785574	0.004418359671217065	0.0075789084244002325
2074.0	0.020962124414788064	0.011054997867176786	0.006883459433651318	0.007599730025180995
1972.0	0.006303520444591593	0.03679151837133876	0.0037616244128159115	0.007187495212629624
1998.0	0.02646536222890894	0.0198464264018553	0.0048211571227329	0.00699935477775393
1978.0	0.01953238814744096	0.03609748470867635	0.005028307326268577	0.010010808841035113
1917.0	0.029203122812392457	0.06409252521907005	0.004952725646855338	0.004240479927455132
2037.0	0.01285050885582173	0.014884517259203367	0.005036781725595074	0.0065223691918866455
1929.0	0.013445769373645056	0.01003876203526255	0.004724617886557536	0.007187029427573988
2039.0	0.01656792260019091	0.0068643732569674265	0.003940643295984314	0.003366211098054017
2016.0	0.023332316980135825	0.006704106344438299	0.005193956395428523	0.003815946225327993
2006.0	0.018630049082834832	0.014104257479204851	0.006275332879523754	0.00619585788494037
1976.0	0.019260873759946673	0.07501624317964306	0.004775639995761027	0.009661041528682413
2015.0	0.019978130933239302	0.006173352480100425	0.0058012091851881165	0.008749724710219842
2027.0	0.03370680169439089	0.05397788929958269	0.006785671294202267	0.003753078291733991
2038.0	0.010450796418024044	0.024982970440504237	0.0044959596262988955	0.007952474020226585
1922.0	0.021806682543333844	0.008624576955559071	0.008314284555501095	0.011495668249443258
2023.0	0.03528614110515815	0.0711895643878071	0.007072059682375453	0.0038260221304362574
2022.0	0.017544630658370197	0.006611807921352408	0.005707851175458245	0.00478754384776281
2028.0	0.014526696432674902	0.0052846059285179825	0.004790899130408088	0.005870948283044575
2034.0	0.03369357172126286	0.06846895621518967	0.004926037961981655	0.005215488341258845
1916.0	0.037147994711678956	0.040874437937518104	0.009053516156172003	0.005091809466199582
2021.0	0.0171411603084346	0.005975445390192902	0.005865374595285688	0.008228039379636898
2033.0	0.03274345818416191	0.03400460005691519	0.00792801737753246	0.0047008846766694035
58.0	0.008283845300953163	0.0025508084922758467	0.0030046996873508425	0.003084964081852548
57.0	0.013693556781979588	0.004110790288115895	0.012662977099133665	0.003418576619416469
62.0	0.005386321940438976	0.005092219941055132	0.003101840094774433	0.0023566896211593136
165.0	0.03097241466177625	0.014815131743917465	0.015201373918112493	0.009041881335093982
