Case_No	mismatch[standard]	Min[mismatch[fancy]]	Mean[mismatch[fancy]]	Max[mismatch[fancy]]	Sigma[mm(fancy)]
163.	0.0041545436596307495	0.0006930926635313472	0.002215715269123387	0.003732436980740883	0.0011254054602106447
161.	0.004195928671463234	0.0009910940956912029	0.00258247347743819	0.004155392236050437	0.0011656410587572077
164.	0.003384795446513267	0.00112881291451572	0.002245451242513939	0.0033600769557964316	0.0008209526405846118
963.	0.014863544467845324	0.011581910067370416	0.013240420843037923	0.01489498910516307	0.001216268168813432
1129.	0.005754602798618724	0.0036816234470620213	0.004622761456942898	0.0055626480662608335	0.0006948300591555369
1217.	0.008723228071691569	0.0058522053772138705	0.007282999895047427	0.008719043954056094	0.0010535676228392722
887.	0.007737069109099437	0.00546634582867167	0.006515970325241324	0.0075638157966249064	0.0007692768124249571
1189.	0.005714380679774145	0.0032990744279554063	0.004515391719280295	0.005729865094352804	0.0008906483341315805
790.	0.0070008844226071565	0.0038201473835386413	0.00529275874504596	0.0067622474893449525	0.001085304211311429
907.	0.009446327113563635	0.006497887019769832	0.00771090291806835	0.008921831807036651	0.0008931523889911164
788.	0.007906491636273105	0.004374601481502816	0.005856145820526126	0.0073301331991043606	0.0010922262476477278
872.	0.004076001054793887	0.0011479625738248789	0.0026164799532822783	0.004082489533992595	0.0010787854716412704
861.	0.004605462845725383	0.0016375430855524176	0.0031095063227209846	0.004578358264645144	0.0010806377978698697
853.	0.004691147495182513	0.0016618190525472532	0.0031795057527247376	0.004691540724749643	0.0011115574019288485
767.	0.0062705950912926856	0.003719449223195337	0.005000517562168223	0.006279237142975402	0.0009450216355936254
841.	0.005942176276240829	0.003393613718144173	0.004677818386901035	0.005959641274780214	0.0009442812526735438
1205.	0.004547265258400435	0.0017364201938561141	0.003133302030182176	0.004527054941385056	0.0010288865632074107
822.	0.006987679555354176	0.0035627310184748184	0.004924378339769883	0.006280452075047349	0.0009920140778666839
935.	0.006922893679101372	0.004650052982242525	0.005783755868406977	0.006915593888774607	0.0008254675679248042
927.	0.007682183129204101	0.004683073759297107	0.006162660253388725	0.007634666880270147	0.0010918069842012251
897.	0.009078375825610219	0.006502715953576432	0.007427317091378893	0.008350650550986605	0.0006806490694868934
793.	0.003702840877347291	0.0012914823090479643	0.0024658967411138864	0.003638486108826333	0.0008656837564282411
803.	0.006236724323890996	0.0012448272174624408	0.0030418144757896667	0.004825782273722101	0.0013221027532589937
967.	0.011403632420708743	0.008246292346499207	0.009517518458567811	0.010783638321709033	0.000918025641543113
925.	0.006518421128509644	0.003359320013731404	0.004637940073854953	0.005916279403594404	0.0009361909967148919
965.	0.007712604145190705	0.0039029079697994185	0.005403288602316301	0.006899057562616107	0.0010831658247723826
982.	0.004680406883521893	0.001697357815565348	0.0031439370107961377	0.004586842007297975	0.001060546477888668
876.	0.005146560648077725	0.001918037032207165	0.0032904245969858875	0.0046609915044228956	0.0010102019216669262
865.	0.004335469297527816	0.002045350175347016	0.003196990146444325	0.0043466090700745585	0.0008411446154038767
1188.	0.004414154239057	0.0017355087343710052	0.0030392154167544192	0.004339764170022908	0.0009635998629277237
856.	0.004821053579001755	0.002282049436197253	0.00356654483821487	0.004848386525595827	0.0009395918456784705
764.	0.009453763083772215	0.006046632035287547	0.007759816355640305	0.009466581777882732	0.0012473232666510598
838.	0.00930785226203057	0.005870700011903263	0.007573235898459284	0.009269392195418225	0.0012459806110357863
786.	0.004776264671888186	0.0015619002067770449	0.003053730860923082	0.004544468410955571	0.0011025440161942974
874.	0.007765759708890596	0.0053540299351410026	0.00651042227104166	0.007665013266705989	0.000852751691116589
863.	0.008607945520458293	0.006035478800006655	0.00720527625667482	0.008371178844143512	0.0008559078409301305
855.	0.004618109023288963	0.0020328022412965385	0.0032955187048896543	0.004556061887556195	0.0009235829742437586
1195.	0.005775197686733957	0.0026795178245685447	0.004191370375568525	0.005700043222192197	0.001106423694547907
3.	0.0030543823723563346	0.0013811834436884274	0.0022323152263659268	0.0030824480377579233	0.0006202954091495472
88.	0.0036686223456834366	0.001903574395257679	0.0027865967213097404	0.003668444752732647	0.0006525124850959617
1028.	0.003438465111409439	0.001470776774288085	0.0024199470470182955	0.00336785981909149	0.0007021979229418499
1053.	0.005615152372011711	0.0024549748297293394	0.0038219338985199564	0.005185269372396828	0.0010110134514883292
1067.	0.007493712514383688	0.0029196129037850627	0.004247364676241023	0.005572127365150892	0.0009773553793585305
1006.	0.01302718157698346	0.009371793528083927	0.010925622061323623	0.012475988391062565	0.0011343671314278107
1048.	0.003525698943467548	0.0005945641154546655	0.0020455579155397256	0.003496859739100855	0.001072385411285462
1079.	0.006741276149965669	0.0030596747660679435	0.004622527208967313	0.0061785816444668296	0.0011517798868723266
1049.	0.006029674613346581	0.0031756430019335147	0.004598208630079629	0.006017973829760659	0.0010499830855602678
1035.	0.0060390485623937895	0.002763275344051741	0.0043841063018145035	0.00600125133431173	0.0011918899596615733
1066.	0.013017147057176714	0.007550129138912953	0.008685865850495567	0.00981979765781471	0.0008377594189960266
1019.	0.004792588633772632	0.002275375284602088	0.003488733737881603	0.004699994028241505	0.0008942034011486586
1076.	0.004729582089991746	0.0018114954252697046	0.0030864409231506802	0.0043587569305343354	0.0009341300738647577
1086.	0.008132276885562506	0.006049603091453748	0.006876530294664983	0.00770249931168121	0.0006105214551840021
1071.	0.006893631940651956	0.005050037327665957	0.005970612017917836	0.006889972823448942	0.000678978974949533
1085.	0.00896136102106182	0.005410660519436394	0.0065361445495100805	0.007660474809746631	0.0008324209358868505
115.	0.0031943338300538526	0.000644792754026513	0.001905639600658963	0.003164111062514463	0.0009060532610669331
632.	0.006126234763448313	0.002553759360340635	0.004290247351307167	0.006016621662809585	0.0012699620795240338
117.	0.003820597417304117	0.001180621554152994	0.0025495784907417114	0.003915569180764411	0.000982792367454301
116.	0.002745841800213422	0.00033469006951181157	0.0015853561144767965	0.0028337491544143667	0.0009000627914546012
1042.	0.006881233045949897	0.0033653963019447675	0.005133120720507732	0.0068989244050973175	0.0012934972765757025
1078.	0.005160664686643668	0.0021602906614989204	0.0032190979466733337	0.004276189299219579	0.000782918623857549
123.	0.0038388791764218944	0.000745665178517152	0.00226079766739171	0.003772659171923154	0.00109431516478299
1045.	0.005337466042832251	0.0023594087755268722	0.0037920261071657407	0.005222207105733401	0.0010419787931039515
1030.	0.013893431254789812	0.01109031509675995	0.012359431146038139	0.013626266097485518	0.0009308859070462913
623.	0.009386432939932354	0.00756818033816542	0.008412049723260278	0.0092515112907946	0.0006171137635536072
1065.	0.004356709921703006	0.001945670801913879	0.0031195134449500473	0.004291217975256889	0.000868514671195385
1059.	0.004001133291309689	0.0014859285004918954	0.00264606370456566	0.003804248006131661	0.0008503599645098787
121.	0.003540040280628154	0.0006623807542273097	0.001990530903362669	0.0033160453920454414	0.0009593190208039131
118.	0.002298018742850516	0.0003237224855385801	0.0013459463159318627	0.0023666482877873207	0.0007368907146971268
120.	0.0029531304305858708	0.00021674956965422876	0.0016443318733449217	0.003069073321778748	0.0010260712631073282
119.	0.002712164907053616	0.0004165663386738183	0.0015996999989573474	0.0027807593752623427	0.0008554827657799993
1027.	0.003927257512212234	0.0018239931898064166	0.002872542343147578	0.003919484062532508	0.000772089998396544
1012.	0.009536566675883429	0.004960308034204219	0.0064953825331894866	0.00802358655240143	0.0011326762598871962
1031.	0.004580128210915024	0.002648511938634801	0.0036100974953874347	0.004570329034226273	0.0007069840365318793
1033.	0.006283003724324887	0.0022864461060692065	0.004219669695187543	0.006161947594100048	0.0014029608859886839
1010.	0.006843237617072617	0.002322806149492762	0.003963730638363363	0.005593445727154145	0.0012015044059142026
1018.	0.00733826262104198	0.0035309496358917336	0.005035620610187348	0.006543673455028931	0.0011108316110224053
122.	0.0034385545474511225	0.00031619506019697763	0.0019224682488820286	0.0035250416554543085	0.0011618887940232686
1056.	0.007510541253157199	0.005447104912701506	0.00643013923308879	0.007411840169709527	0.0007270577314317197
1009.	0.004149636642648669	0.0014229074203866432	0.002757182083588777	0.0040886466851531855	0.0009868919426729342
1008.	0.011002907610120682	0.007780969556269723	0.00940536997520737	0.011025479842421748	0.001190716076760208
624.	0.01243294788348659	0.010324284914622006	0.011311127274684762	0.012296567490859611	0.000728086453232309
1070.	0.006797990621758454	0.0029051721719082213	0.00410996619234003	0.005313448499430828	0.0008917368224245088
1022.	0.010779084721047938	0.006506456990245102	0.008289675211784293	0.010070164521226554	0.0013007001864681015
1000.	0.02087300676716486	0.017662579611127605	0.01886163500082207	0.020058618100292747	0.000876567955396223
1036.	0.006956011393150496	0.0047547631424575965	0.005810917239224974	0.00686545966939156	0.0007791169120802107
1023.	0.004751930952775041	0.002132196106776507	0.003313197586026548	0.004491962933093729	0.0008740132483484412
308.	0.004253770724523265	0.0007790453054957736	0.0024801027753506436	0.004177158862074926	0.0012546017178080376
1020.	0.0062008109254548804	0.00449620543483098	0.005363406877298434	0.006229504331262792	0.0006315313570431316
483.	0.019237044842463025	0.013088335138045637	0.014199753145227282	0.015309718651688509	0.0008146994888433029
1224.	0.0032051983986002286	0.00040050998623464285	0.0017830798269436322	0.0031626787284684266	0.0010187827805110037
1051.	0.005699880550448011	0.001399559390692251	0.0028554538754503073	0.004314363328741133	0.0010799121947968789
1005.	0.005211169545699668	0.0023423311459301877	0.003587613943324754	0.004830411331903428	0.000918602758979598
1041.	0.011374373990019948	0.006283062114271876	0.0076311088504802576	0.008977487237917359	0.0009878214630764087
124.	0.0030451057207595555	0.0005332921626102216	0.001776690014687155	0.0030178064991651654	0.0008939612480043351
1029.	0.012678384851635416	0.00924520221584113	0.010418194517823573	0.011588187126557403	0.0008601635065495025
125.	0.0034621980138398456	0.000594622498884867	0.0019336011329607076	0.003269726985207555	0.000969163520952988
126.	0.004225641361682131	0.0018867180090577085	0.0030440383121807892	0.004199560111177725	0.000832166200719735
1039.	0.00706295622787978	0.003393648778438396	0.004571478874456247	0.005747293372872275	0.0008638046871343221
627.	0.026063221994005237	0.0029451610588665522	0.007518464894145366	0.012129350751584278	0.003369736035166583
142.	0.00509078153877407	0.002282194073004229	0.0037312490683776393	0.0051771647722400616	0.0010421423802918599
143.	0.002422495636388078	0.0003507866727460174	0.0014191204713491594	0.0024858306295036936	0.0007694477483689333
144.	0.003306858906348853	0.0005079258990313695	0.001940891723706497	0.003370874782946287	0.0010353055904657395
1087.	0.008312031249476548	0.005970631476757249	0.0071450077433795585	0.008317014640605525	0.0008620606747851012
1057.	0.006386327787722412	0.0026901199895689176	0.004330886389840154	0.005968218080074084	0.0012105939851414678
146.	0.003300990076824384	0.00046074375839244563	0.001887918084321414	0.00331208773399172	0.001026712369876681
1077.	0.010499447285886476	0.005977628197152529	0.007575688581204919	0.00917022558521663	0.0011822237361219013
951.	0.025473275222410607	0.015727782348478048	0.018013196122141768	0.02028745369925411	0.0016517688901779677
771.	0.007709203568625811	0.005136471445701396	0.006200101376103122	0.007276053281379036	0.0007709028725096978
956.	0.010633561737361963	0.005615583297498339	0.006831158016591692	0.008065229610119795	0.0008959802436335766
949.	0.009454256128407112	0.005901211003348283	0.007245766415443376	0.00858107210933401	0.0009627804945908838
716.	0.030249335597904436	0.01126436534923847	0.01362264626362841	0.016017828770345632	0.0017592664778986729
758.	0.008576956029075933	0.004276876434230248	0.005516401456057492	0.00675153367047665	0.0008979105193660083
974.	0.018353648973548853	0.01181784096955818	0.013330479892429485	0.014839169723720347	0.0011146711675363867
732.	0.008868562052046558	0.003049920678593332	0.004404017395546863	0.005755652424812463	0.0009958630441495241
739.	0.005987030612364053	0.0035913475353690494	0.00479589958372735	0.005998283794038217	0.0008871465329437708
915.	0.027457249434254316	0.012909740786006374	0.014638666333805997	0.016369676593524174	0.0012392116507589331
989.	0.02754639115552715	0.012928758012502373	0.014597802461012346	0.01626873498081105	0.0011956868031808424
1200.	0.039039869579486464	0.015883782920448786	0.018791119511382386	0.02172869565378388	0.0021341516068059336
813.	0.00860188052366262	0.0021059645214990264	0.003603643184183296	0.0050579322878188115	0.0010790738746982798
977.	0.02023941087793435	0.011717981457001203	0.013267831306300952	0.0147441264576883	0.0010828269131272186
721.	0.013304701599870516	0.007810149084904849	0.009325818207707568	0.010837540468118245	0.0010988481459742881
751.	0.006852858093058245	0.004533581462770386	0.00550372022788492	0.006472578343280855	0.0007170693619198334
918.	0.012856409754447129	0.00696799299859463	0.008162652567901744	0.00935221243836859	0.0008698696323096335
840.	0.031510805781576945	0.018523857965400903	0.019492763669566576	0.020431541986801527	0.0006819285501403502
740.	0.005344304973747049	0.001033389506668203	0.002385701830837456	0.0037347042505441186	0.0009917312176789294
890.	0.019069317939932717	0.014690777490419915	0.016632034915041696	0.018568635889174567	0.001397655336820766
842.	0.02287689692957051	0.013032786567795052	0.014807044138149447	0.01657868207211388	0.0013120695273744676
722.	0.019140070155868383	0.010955893903177527	0.01234662029802633	0.013819728338740345	0.0010285866878663801
910.	0.028800201440103756	0.021955360091650777	0.024383283993342147	0.0268149698056378	0.001775973991611316
942.	0.015284867581870087	0.008636796129518176	0.010245905648638632	0.011851442977771964	0.001183002874486626
992.	0.01272834573200754	0.006911571274048289	0.008103107303681892	0.009289274910954437	0.0008645346268619914
1194.	0.034323201008333526	0.01849905947407582	0.02036419903371679	0.02222929733519985	0.0013363712858748525
717.	0.023293788751935995	0.012570245453454976	0.014322797156934347	0.01607176189040671	0.0012577145988700602
1207.	0.018664027162450414	0.012137306507179257	0.013844917764154821	0.015547522590994012	0.0012616562143205336
768.	0.023122247998532575	0.013498033965153478	0.015274512275827575	0.017048260704545792	0.001312127822856136
944.	0.011763149047997357	0.006500249111709433	0.008511924311635322	0.010531836702727504	0.0014620641084286455
934.	0.03338743735872618	0.01376219487984709	0.014718700304201008	0.015678689747336882	0.0006867614287020176
766.	0.0378235427274225	0.019208223004743563	0.020367847688575753	0.021507560925684288	0.0008245390893088478
778.	0.02219023753700211	0.012000470847453593	0.0132380792303538	0.014471142604361553	0.0009010941869884651
796.	0.022183635292121084	0.01316245439366015	0.014537970775291276	0.015912374012915786	0.0010144305418135085
906.	0.011459567686598948	0.006148168118089492	0.007669274197877353	0.009226167695200127	0.0011106324786509258
888.	0.018019628757900752	0.01354808103224392	0.015643518327055635	0.017736575462035775	0.0015207386505597363
976.	0.02004456178766889	0.011624288281682937	0.01324888650812156	0.014871366605603176	0.0012014621112203118
821.	0.012453312023340324	0.00667794802921251	0.007961882189871034	0.009240664175382829	0.0009268872647529602
900.	0.027451269854802507	0.015186159182554282	0.017200856462766638	0.01920817312148626	0.0014661583742594454
710.	0.02989656267123153	0.015440227812282048	0.01719577966481336	0.018950269147830046	0.0012569506522121508
830.	0.02995352462390466	0.01532018741310437	0.017097821232473803	0.01887434692145029	0.00127238172941639
908.	0.012073288700765517	0.0071864129274394895	0.008536211557502985	0.009883482284685607	0.0009724531163178571
806.	0.006850297389854099	0.0036717789484665975	0.005164626094932213	0.006653835358419902	0.0010970780596109705
886.	0.011314145812182153	0.00886077056530521	0.010134810941743093	0.011377406503630283	0.0009036868502903941
789.	0.006629422600768264	0.0021429988475900608	0.00398734707862116	0.00582745701569054	0.0013558309802165006
943.	0.019461124535006813	0.014619661202708967	0.016363905957574382	0.01810954163044254	0.0012507003535220341
798.	0.01434332915894121	0.002502662085227536	0.004160397119279992	0.005815631343556782	0.0012132551020423252
958.	0.025750615929598708	0.013358180686695253	0.015953908729014116	0.018533439558093945	0.0018511872155994478
1204.	0.020224807435430536	0.01008972718854062	0.011270215163609085	0.012434799386538131	0.000856342996806612
991.	0.027522405354848845	0.011907576363869854	0.014638644312350346	0.017398512063655613	0.0019676543229298054
928.	0.011371340998363566	0.00443576652920552	0.005930319964339691	0.007299090477969616	0.0010422935225179388
896.	0.020442079209538666	0.013329202663509121	0.014566853294040626	0.015801216729614875	0.0008944028224581726
968.	0.006838526468360362	0.002520324523293538	0.003998388820792257	0.005470752249435051	0.0010791759376185188
772.	0.02962898981128348	0.01321830963292403	0.014786298333713099	0.01633415427690299	0.001112947575490323
791.	0.020321258735118697	0.007554496591494209	0.009551010114256239	0.011542689671110606	0.001466881953054572
917.	0.0268002436373197	0.011301730717667602	0.014015043794265606	0.016758310612969285	0.0019615776170993364
780.	0.028349322037312996	0.01847792926833758	0.020981660072612797	0.02347813586089076	0.0017954692308357742
898.	0.015374073623806495	0.009376763904257124	0.011483906535024584	0.013610498396470883	0.0015237763727094058
804.	0.008179020015945948	0.002176306821064844	0.004049517267756354	0.005922317774998742	0.0013702059359008863
731.	0.006551041878019137	0.0015133262421765936	0.0028479078803708806	0.004179630685003488	0.0009863649285748615
814.	0.028269621052664173	0.013003711687649355	0.014821611877969734	0.016658685170491294	0.0013500114791426838
808.	0.019525822341095234	0.009065048551051058	0.010659172906986933	0.012249314889869245	0.0011575368734897326
757.	0.008596206047156163	0.006062738773344178	0.007314336332536359	0.00856358991604056	0.0009129134729673306
711.	0.020242713486776087	0.01352556745483302	0.015248690626458072	0.016966377222827567	0.0012639886104367118
950.	0.019160897663507037	0.009700989513672043	0.012154840362341567	0.01460220398992873	0.0017712731467015583
937.	0.014639882314996244	0.0074796386273005	0.009054912356099393	0.01059760685269373	0.0011139317035920883
794.	0.010086093475512259	0.004569782503345943	0.006114968565926991	0.00765636285853899	0.001137782697251762
984.	0.016703325965281346	0.008197485267469884	0.009337613534915353	0.010466192483399972	0.0008123641056143268
1215.	0.024453817193105354	0.013469138053988972	0.014933934510292282	0.016550690009207725	0.0011118393651731345
820.	0.0199346253959769	0.009812501974933663	0.011007310885061577	0.012205428002249774	0.0008660447745675245
957.	0.018200808521245393	0.012018562874431593	0.01403710955171009	0.016093314153311278	0.0014919115711215679
770.	0.01368134348078498	0.006996458897108315	0.008259704782305024	0.009521368253716633	0.0009151652111285932
1193.	0.037363950249627687	0.013775042705649443	0.014857235421300252	0.015929440531490147	0.0007936564181553843
1197.	0.018590757707306005	0.015081649629519744	0.01663841097762441	0.01819050746484363	0.0011161512112347475
752.	0.0063938291448034645	0.003201372003780234	0.004502675999703157	0.005800782918467751	0.0009588509312430563
936.	0.015302989011173551	0.009196518907703788	0.010644854367119065	0.012090918807437068	0.0010595687315243716
720.	0.01563896258939501	0.007261857148243789	0.008463525967164024	0.009650423470572211	0.0008553445486217108
924.	0.02616087899696662	0.016924720194172127	0.018696844045890847	0.020464393092249678	0.0012895806767307674
715.	0.01404499372895518	0.010971754791738397	0.012376417315738067	0.01377639277959164	0.001025149643997729
983.	0.014145723361031481	0.011339482834568426	0.012681104254079898	0.014019891052080458	0.00099254323581162
823.	0.012229124610905195	0.002844864033496486	0.0046008501683194696	0.006186309372021581	0.0012277989921337428
829.	0.0301230601046919	0.011183667618244297	0.012213063152862792	0.013249898156150186	0.0007440133474141597
765.	0.015481041943887774	0.009819633650439918	0.01167396946618606	0.013521756817435393	0.0013315501309451767
709.	0.030427094105965447	0.01110137801138067	0.012166077261864952	0.013234470250590102	0.0007773606405344907
839.	0.015133117987074285	0.009776715390521273	0.011596898792754233	0.01341033766693156	0.0013101745653815813
981.	0.028804986971094793	0.009386843165047565	0.011916462442817773	0.014420102642707544	0.0017995174058048605
812.	0.01813713849434795	0.011429596978335788	0.012362126176730635	0.013295226281512251	0.0006812125220354793
964.	0.03162743236832899	0.02002597511803439	0.021815547909075812	0.023601248084568316	0.0013031747775092784
966.	0.021724140390025015	0.01331793965085426	0.0151296805541156	0.016921881430899233	0.001288740460372863
777.	0.028270298942715266	0.00961844610191498	0.011975540828245826	0.014308945704367915	0.001677620540248401
926.	0.02429073968260609	0.011870394218030156	0.013334906322273934	0.014796820039518432	0.001048054669129722
787.	0.036401707973655606	0.0131621390921558	0.015711643657837882	0.01824970881115473	0.0018742388037802668
873.	0.02033005218834294	0.012107129058878785	0.013775500402110615	0.015439615578020538	0.0012051840789670523
748.	0.018231361270723	0.013492955067059498	0.014709487354263482	0.01592484574252173	0.0008857473587373653
749.	0.014424237526561634	0.012457222031574289	0.013418017647370037	0.014377216036510765	0.0007080226564921076
1800.	0.012038632645601455	0.008891458831097876	0.010095928028798482	0.011297582667728623	0.0008812916998887205
1846.	0.0054320864046980555	0.0030828258283291943	0.004001946786491163	0.004920064527557333	0.0006714650512230678
1833.	0.012388061606473544	0.004628612475754967	0.006244465871942228	0.007858885055161191	0.001195868917450008
1515.	0.00944758246021904	0.0016225756297413296	0.0036574509608104694	0.005685812229154874	0.0015032519244310137
628.	0.00966517649549381	0.004233169770246903	0.006834751069187406	0.009420968304356236	0.0019036031726013059
1874.	0.010072780367272549	0.007160193052421104	0.008346283039207406	0.009530797092721977	0.0008702828937950783
1704.	0.005408032459569556	0.0023670843515621875	0.003797633851510044	0.0052256422828401705	0.0010461121430562067
1762.	0.019616821322256173	0.006277262560240304	0.00851185671164394	0.010740006645648892	0.0016462204785802849
1888.	0.008228983411009971	0.003447541658198827	0.005015555836709471	0.006579588422151672	0.0011449412573819615
1868.	0.009428221616294752	0.004582935070899352	0.0059453897172674856	0.007305409845620003	0.00100512013732987
1518.	0.011551737998065748	0.007767590809991676	0.009322746410734257	0.010877776504592651	0.001124630749552787
1890.	0.011749467610735254	0.005872549044749875	0.007272349536272175	0.008668869436657789	0.0010293108390771397
1991.	0.11922288774967216	0.01909841095803677	0.08285905013769891	0.18039093539594042	0.04684599073593321
1981.	0.27846359271748433	0.03718172190658775	0.08006380242679523	0.1730311653576332	0.04671930921233306
1987.	0.08111497280195301	0.028995722039244942	0.06468860811025438	0.13916854502999876	0.031284440164696406
1956.	0.006686773427800441	0.0032409778543028844	0.004876635974152718	0.006509547615307754	0.0012078516714208462
1986.	0.28866783312446065	0.02131435764267564	0.06773985257720386	0.2223233205095918	0.05577861910179602
1988.	0.1506213878268554	0.06795371451311127	0.09948337266340476	0.17073972100545043	0.03682148387528634
1782.	0.08953437935056097	0.030617113637509297	0.04590442716819433	0.06677123528208095	0.011723449535346528
1983.	0.24226256032233406	0.04975374436600677	0.08352590183252187	0.13213740824571274	0.032464903520628224
1993.	0.15528363188697503	0.06142512173615222	0.0953333066765843	0.17654287724754725	0.03986697614422183
1915.	0.04271375730230209	0.018763851986749347	0.02120234337270807	0.023699700269759982	0.0017986564219454777
1948.	0.006534533343071414	0.0028496144161467285	0.004426260259374312	0.00600026096340478	0.001165821540524671
2003.	0.04475675639953236	0.01509397002492352	0.017071976625722324	0.01902792921418961	0.0014390434183545375
1954.	0.008318739437019107	0.003482647795686855	0.005534733353546671	0.007582673890480729	0.0015044108436987472
1946.	0.012093982770884804	0.004375063289603354	0.005869121327219314	0.007360308892266465	0.0010919302133881377
1982.	0.33083008917696255	0.04686529582703702	0.0961796270985016	0.21959066729664234	0.0601164049553686
1995.	0.2861120648227854	0.06383586643537897	0.08734233611593205	0.11445042489886847	0.016064497280326093
1984.	0.09833812060632385	0.053995858894727244	0.08777806589054536	0.14219483526419596	0.03065981341033431
1928.	0.03477016617277695	0.025864443240081636	0.028865094936485973	0.031841207273474614	0.0021999300924068475
1997.	0.03221590230233751	0.015691341770558198	0.016684680238502145	0.017317554214774433	0.0005814696571605371
1989.	0.1950977255067855	0.03224355222846376	0.07425488900824949	0.17195490610946718	0.036992240241019485
1920.	0.03397209317310823	0.015368655254712205	0.01672450984012128	0.0180163380541265	0.0009688411086132415
2009.	0.05518714935974178	0.01632811455140537	0.01946304739553854	0.02255546955629406	0.0022460697172209604
1994.	0.162697998283734	0.017768131105629914	0.06800734343179779	0.19510610460764222	0.05601972828571516
2005.	0.023400900705863092	0.010257721264287922	0.012387656111129793	0.014589612183739775	0.001573278058040318
1926.	0.05292598937033555	0.026199246823403244	0.02708117948851669	0.027956420330549125	0.0006378103180079012
2081.	0.03196812361236534	0.026408073847491775	0.028822155943804915	0.03128675325699459	0.0017790171675654554
2007.	0.030294103272557327	0.023337709941133933	0.02645378933786783	0.02951541192755458	0.002212482025621319
1918.	0.05369414638687131	0.03378329666375601	0.03983279671909439	0.04609592664115192	0.004396491514999979
1958.	0.005214573363970798	0.001956814100537163	0.0034270731478666713	0.004894679101621446	0.0010710012505625074
2080.	0.03359529497460212	0.020773746117004555	0.024483094760030563	0.02832149278116536	0.0027052559879137098
1924.	0.017143415360216352	0.010311374264173723	0.0121703971243218	0.014187728592807036	0.0013853380235443412
2000.	0.043424328887303854	0.018722129401540166	0.021971772147832684	0.02513072736492672	0.0022898865729044414
2012.	0.05253394917445764	0.044289023358776713	0.0488737747039343	0.05353379642909495	0.0034169521159080345
1945.	0.008541555822394131	0.005260580350424204	0.006781496767711622	0.008300629601427412	0.0011152956486297138
1930.	0.056363082335270986	0.038796818137175615	0.0421916738150805	0.045509529465542875	0.0024138733903800776
2010.	0.053614628956897725	0.02558583827797778	0.028487038428617432	0.03160528101101334	0.0021823351232531907
1992.	0.07341290582833149	0.05629043944336354	0.09409484686855792	0.1432609268158057	0.025895322496804766
2011.	0.06501087580248688	0.025156920929377047	0.029644191858934313	0.0343729715958877	0.003296539406613457
2044.	0.02300015716867021	0.02110196245594742	0.02233273041674157	0.023590381169559138	0.0008859734482491272
2075.	0.0379690833561398	0.010950682288202063	0.01422684841956624	0.017783467137669984	0.0024949582444834264
2061.	0.020657182612871305	0.01072416385212327	0.013801786447897283	0.01727814759372115	0.0024122576520834212
2001.	0.018812909764251762	0.014103892896715764	0.0156704894552858	0.017217865842865665	0.0011425637171011897
1952.	0.015560429700331557	0.00691765028093716	0.00883296095260773	0.010744224591719531	0.0014043906993305474
1969.	0.01970617755265669	0.009683322708537223	0.01059676367610761	0.011512214555340905	0.0006560919919653739
2065.	0.017591730254661098	0.011064202621846264	0.012378450779873753	0.013688702563950605	0.0009411735939917946
1979.	0.013674973098973364	0.009222340897763415	0.010503474250282488	0.01178168785779199	0.0009295236041805378
1968.	0.051563738391926406	0.03811296866256575	0.03999212895009693	0.04187063391077572	0.0013451135709365654
2057.	0.01362494993552521	0.010301508269444981	0.011488976661387582	0.012771957070600304	0.0008912556591919454
2048.	0.06381891058959932	0.03440109961149873	0.037503353120264954	0.040629045512959316	0.00226518071303182
1999.	0.04230813176718162	0.025897056652186445	0.026966825512482664	0.028016175636529472	0.0007644054277813087
2053.	0.01631611035020053	0.012071682573520426	0.013607945644626283	0.015213649391028095	0.001155109416981844
1921.	0.03899890950938811	0.035344293274986005	0.03651929692255234	0.03761436918280636	0.0008097293218551529
1975.	0.019910090742731645	0.01455608451186774	0.015864823779141862	0.017173651882481322	0.0009509627626115959
2058.	0.055886208313997154	0.04924039368552402	0.053029628217907306	0.056852705389451086	0.0027917632177943477
1971.	0.02909185353139998	0.020041126964506883	0.021522357605350696	0.02299651539993719	0.001077461760984818
2052.	0.05900349925567128	0.017158211649447752	0.020604898846405956	0.024398000757332672	0.0026318683802451417
1951.	0.006330178863712677	0.002775500627835714	0.004482195496131713	0.006182622604355648	0.0012415466996665596
1973.	0.010733308286636656	0.0061646945399863595	0.007497498604841353	0.008816320071341144	0.0009503722575165131
2054.	0.06054901607775087	0.0178410120789817	0.019814406793992052	0.021813959543002248	0.0014341531631718509
2043.	0.04229479477084763	0.009105282821103788	0.011679439289794353	0.01358059926849331	0.0016461226538292508
2045.	0.01731217189530876	0.008996862166072872	0.010771563016951128	0.012397428511782604	0.0012290877045871805
1927.	0.06993157627459978	0.0457726931238589	0.0477037667082726	0.049591818082990846	0.0013672284000671299
2049.	0.039430248273822244	0.01830789756422857	0.020683610398983338	0.02307914530127364	0.0017402277158323444
1959.	0.006620428815605539	0.0031549556251023736	0.004846967705090252	0.006534710134443511	0.0012418573470581744
2070.	0.05372804959574329	0.046127282690962335	0.04766876513548788	0.04921206561954605	0.0011309173720965985
2064.	0.01780292888760604	0.011651883068731106	0.013423573087752352	0.014970274862372568	0.0011938680052148733
2069.	0.027972374825943058	0.01876028920421491	0.01967554612459591	0.020651879508468918	0.0006793393115849289
1957.	0.005422808179948335	0.002276393845354052	0.0038023612608382375	0.005324871077987514	0.0011285906040988305
1977.	0.010555762279066627	0.004611934557324671	0.0063592088794977835	0.008085031819725308	0.0012449283536417111
2073.	0.03304051334475533	0.011959675037118811	0.014601793889196048	0.01748149873321525	0.0019829564468606046
2079.	0.037178128565609425	0.03060190969446741	0.034210680252820515	0.03782042797324647	0.002589991391245288
1923.	0.03272107910645894	0.010561264328841968	0.012396097242949449	0.014443449097166994	0.0013661127553953965
2004.	0.04858453038042887	0.02658251014745161	0.03036407304441911	0.03409697316803684	0.0026955076883498396
1953.	0.00604114338409123	0.0023973081948714947	0.004154822844342207	0.005906822430743031	0.0012997057476678566
1947.	0.005492882757855311	0.002534562614692648	0.003908315486569571	0.005279384909247731	0.000996313179180584
2066.	0.03316152880975909	0.020280656874868574	0.025492423768041117	0.03065164595913894	0.0037780482361942634
2017.	0.044881806954473524	0.025476619449765536	0.02915276175109151	0.032775110995422296	0.0026628832227627098
2032.	0.029180632707060616	0.0163666728550389	0.02006378005407845	0.024037114371774027	0.002839349935029263
2074.	0.037889126188488054	0.011648245595221263	0.01294138058293108	0.01426572012988192	0.0008624005154179426
1972.	0.009461348656517043	0.0060095695472773825	0.007322463367406025	0.008629917529612618	0.0009428914448858309
1998.	0.023967147230981145	0.010631159213402741	0.013602875616489686	0.016518793423645706	0.002141521096864194
1978.	0.03425648950017901	0.019920910624250387	0.021880114243229564	0.02383621014613646	0.00143819908245405
1917.	0.023983073692508516	0.0160531015746328	0.018210923129179078	0.02056386980454339	0.00164690427353341
2037.	0.047498300076088795	0.03659176335803638	0.04038047154673918	0.044138375617338466	0.002736217313576544
1929.	0.028273067257327478	0.015826549887794972	0.0193489772005559	0.02310372397322491	0.002666710182465848
2039.	0.02043831797156548	0.012067181565661667	0.014366637124770334	0.0169814375775168	0.001798050880469849
2016.	0.04347951374386905	0.011373697212766487	0.014541485288991053	0.017962401616832824	0.0023975241273599375
2006.	0.0637569537374022	0.04310745390516957	0.045983012183626194	0.048835210084646086	0.0021239114698826346
1976.	0.03430340341623184	0.029696561823327028	0.03124546825512483	0.03279506986207248	0.0011173536416865886
2015.	0.05462249896481386	0.01646515319289865	0.020555298799227455	0.024608244405532997	0.0029416504773242184
2027.	0.026714882135883578	0.014544487929740058	0.015189943140573639	0.0159109726002028	0.0004919905981667383
2038.	0.04710285020259897	0.041853073492992054	0.042550455631974377	0.04328293168865205	0.0005236080527045306
1922.	0.07442831204328537	0.03575539681834128	0.041196996133185476	0.046652472340619866	0.00397533215300925
2023.	0.024946146042594597	0.014600698061591921	0.01599619781365033	0.0173153236812279	0.0009849617454929702
2022.	0.03244977587808151	0.01772779255321011	0.018543290455612937	0.01962277468441409	0.0007034581127211999
2028.	0.04071168357568222	0.016804768966777406	0.020303512754302484	0.02404360867559363	0.0026264128666209988
2034.	0.020789111393110682	0.015189074338391229	0.016375549067676822	0.017515456938051677	0.000847262221131079
1916.	0.020661377424637917	0.009689639692227137	0.010801871873967594	0.011931217601690802	0.0008188866797718555
2021.	0.0551012443643879	0.02947079054025148	0.03384593576001924	0.038174015644694026	0.00312480201640819
2033.	0.02289868520222149	0.009450088318020411	0.01073940784030446	0.01204236785145163	0.0009468196389604502
58.	0.028026208655796414	0.009367239646975722	0.010172711261069894	0.01098852974068587	0.0005816896165107496
57.	0.12188225654111873	0.024464981383088058	0.038073387404449925	0.05064629240155194	0.009334888498566105
62.	0.1374396974495372	0.0318939215544608	0.04743122086287576	0.06530137056502583	0.010899437228875123
165.	0.11142026640240943	0.04148965271793548	0.09252713574624624	0.17819113048390223	0.0474820485302627