Case_No	mismatch[standard]	Min[mismatch[fancy]]	Mean[mismatch[fancy]]	Max[mismatch[fancy]]	Sigma[mm(fancy)]
163.	0.00398546182748738	0.0007635240713513847	0.0022756101646199916	0.003787053976046839	0.0011178021374736364
161.	0.0043026747166903245	0.0011325901850054443	0.002676986077120609	0.004213551016701733	0.0011213356054322915
164.	0.0033445093990961405	0.0009756756299486025	0.002096569391759591	0.003215857668285471	0.0008226021344218589
963.	0.01623738495785365	0.012954178577716635	0.014609814267353118	0.016261531876096913	0.0012143102328604463
1129.	0.005609189777037837	0.003721956701158935	0.004663307866064337	0.005603452734962988	0.0006947384655124163
1217.	0.008822968341991033	0.005427421045439362	0.006992996307936269	0.008564708127686838	0.0011405408092890438
887.	0.005612433697187003	0.003369362522398167	0.004412404930895818	0.00545457834965879	0.0007656673229986452
1189.	0.00451954549281941	0.0015157435689023835	0.0027344721533743726	0.003951411520239478	0.0008940908385554716
790.	0.007399681030324179	0.0031820051774253955	0.004656663564221379	0.006127392916660979	0.001086220480072374
907.	0.008723653884731286	0.0058661465924997325	0.007081963467951181	0.008304946066534535	0.0008940224549278148
788.	0.005564117549642478	0.0016672465238465328	0.003580625429136455	0.005492547005280568	0.001384502542074033
872.	0.004741032936379397	0.0011108741447596326	0.002584263408655532	0.004053111837524215	0.001081427954243998
861.	0.004665464719831314	0.0013392864222291356	0.0028147998904574567	0.0042887178336904475	0.0010823104540607215
853.	0.0040154533471815634	0.0009541347244464982	0.002449379196901601	0.003944397673319666	0.0011007039651719562
767.	0.005945584268895354	0.0024272726016669743	0.0037098141095634396	0.004989973383003776	0.0009462393978163592
841.	0.005566081208123852	0.002014646984101587	0.003300939218766822	0.004584878941473636	0.0009457845121111471
1205.	0.0038206529700693936	0.0010639034327690755	0.002440669105225319	0.0038154996007152553	0.0010119064504315795
822.	0.008372582054712363	0.004723746781202243	0.0059642067600788285	0.007203169360862627	0.0008964570952339923
935.	0.006945288258130455	0.0032499679266304593	0.004386177163366171	0.005521071299738667	0.0008269600138045923
927.	0.008520874385540944	0.005371726246810149	0.006898400069083831	0.00842743532013801	0.0010996488748794741
897.	0.010381222785214805	0.008443805874368215	0.009368663597177494	0.010293104102660156	0.0006810245528277356
793.	0.004125257898915491	0.0012869202929380874	0.0024611785160882256	0.003633594566658349	0.0008657953235855842
803.	0.005401588611198105	0.0009674732929736418	0.002627668209391822	0.004277273857594466	0.0012110368092239849
967.	0.00910621909580489	0.005563056095284402	0.006788271475550056	0.008008539885920318	0.0008802237873910702
925.	0.005989704302253873	0.0027395801550931242	0.004078604869320559	0.00541490137098799	0.00097811816661971
965.	0.007818147226961503	0.0037776045479774867	0.005343634003757301	0.006908314893075862	0.0011338305758303103
982.	0.00389606781062124	0.0009892080303545159	0.0024180291774233975	0.0038463411333937714	0.0010464605756311295
876.	0.005410302627216423	0.002345832735201947	0.0037506955775877047	0.005155231663272364	0.0010391811950376088
865.	0.004052097909470143	0.0012145556857349193	0.002362989179767934	0.003510113815586635	0.0008392594634420106
1188.	0.0033339989787205537	0.000534483677579578	0.0018393649136403585	0.003140295391400816	0.000964923066595068
856.	0.0044792019020198914	0.0018957416605616118	0.0031847452467322662	0.004471272159046413	0.0009427014394320165
764.	0.008515349538132932	0.005043535444163916	0.006677933905171304	0.008307278756317649	0.0012032907502849994
838.	0.00840257758781715	0.00479872701596773	0.0064305026312941145	0.008056766651201475	0.0012029508703687315
786.	0.006946579310805334	0.0011490628860542085	0.0026367523613615614	0.004123832497100022	0.0010956188750024989
874.	0.006515664717379077	0.003657139092441475	0.0048100916086378995	0.00596102072885607	0.000849810665234095
863.	0.007332209488936647	0.004733639501417031	0.005890261676739862	0.007049505925877497	0.0008409757710411096
855.	0.0045735044861967555	0.0009624016928692081	0.0022321520132169833	0.0034970859041781877	0.0009277014975263541
1195.	0.00448195962747977	0.0014208757150261375	0.0029334567019158675	0.004442545390233477	0.0011036505192367886
3.	0.0028895973706191125	0.0012102896977645994	0.002061493582841808	0.0029115571975741883	0.0006204768924617887
88.	0.0038033274497242253	0.0020335027320770305	0.0029166423946156983	0.003798608894611144	0.0006526668097586193
1028.	0.004310679267994555	0.0023793731084580383	0.003336458027879524	0.004287262163156114	0.0007009749540017933
1053.	0.005120495690493221	0.0011065337587592428	0.0024846469912498735	0.003858609540932423	0.001018617333781875
1067.	0.006636621448428692	0.0038143252697556695	0.005146487559654184	0.006475317076026554	0.0009812778000180885
1006.	0.011432161872017899	0.008355753848920289	0.009911788055432252	0.011465150636625787	0.0011357834909542048
1048.	0.0038692908039621443	0.0008065212821211087	0.002231319271187135	0.003656250543030537	0.0010461835906026443
1079.	0.007069134471371696	0.001674741356090137	0.0033287934635385878	0.004984933631813848	0.001217242207051448
1049.	0.0056269138239773975	0.002545353097375247	0.003968952750814468	0.005405274144988148	0.0010509077640487867
1035.	0.007157018312210273	0.0021580195138400926	0.003729863980007345	0.005298782214150921	0.0011585485308765466
1066.	0.008904504046691075	0.006034795604790033	0.007172200730797583	0.008307357776233149	0.0008390126898778998
1019.	0.0030191536571679833	0.0004483390056738701	0.0016636615907036382	0.0028769277323718034	0.0008957299623551519
1076.	0.004478830530905364	0.0012209741758966164	0.002495260548298805	0.003766475486697285	0.0009318849321940993
1086.	0.009117786743850664	0.007429610547076804	0.00825587145614372	0.009085601356129014	0.0006098410699041467
1071.	0.005617069025150356	0.003740309024196753	0.004662394449374961	0.00558374109939308	0.0006800824264580426
1085.	0.00797532938408696	0.005421118194159358	0.006548323755182624	0.007675871503905585	0.000831932521830248
115.	0.0030971985150862746	0.0005884272327991713	0.001848608336807553	0.003106366585018505	0.0009055515433463827
632.	0.007541050703222418	0.002545092591672904	0.00434895427800943	0.006143913680638269	0.0013082712867317579
117.	0.0037650027948603615	0.001036105237582463	0.0024059625340272744	0.0037728742740814614	0.0009835536810172605
116.	0.0027118736285541845	0.00030358473652403184	0.0015545268842960364	0.0028032899736998296	0.0009001162701308148
1042.	0.00404896802160104	0.00041680015911427226	0.002108016174550235	0.003806240440426545	0.0012427985617915697
1078.	0.005280754141197552	0.002942888032343771	0.004012190333150267	0.005079605445037938	0.0007884121909338024
123.	0.003697432557584923	0.0007564604469196823	0.002273821113197762	0.003787855454919664	0.0010959252776946715
1045.	0.003560692384002806	0.0005370771963503218	0.001949023607331071	0.003358520100069984	0.001030787534680455
1030.	0.008085423416539839	0.0051587601842991715	0.006434102103337941	0.007707139815544384	0.0009357275550695198
623.	0.009539137948429866	0.007886125378989806	0.008664362811205169	0.009465215358705814	0.0005679028421841539
1065.	0.004074664037725051	0.001518437763303515	0.002694000747781631	0.0038675515251409553	0.0008681882124237709
1059.	0.003286868906486884	0.0009722151861603079	0.0021332868580338465	0.0032926325304201143	0.0008511716794710128
121.	0.003441423920699682	0.0008537187216854925	0.0021800246231156754	0.003503584035684182	0.0009577550800843195
118.	0.002809526330604606	0.0008201658323629957	0.0018427594263928477	0.0028639671510676257	0.000737089783274916
120.	0.002869779882612611	0.00011812377749620406	0.001548176083594995	0.00297537117123603	0.00102794980603346
119.	0.002707537463052634	0.0004077300795533034	0.0015907557207495572	0.0027716167831409733	0.0008553421263027617
1027.	0.0033056886291736864	0.001021172249836444	0.0020677834273507716	0.003118529560262706	0.0007698538284457831
1012.	0.006674269153085333	0.002089982661762746	0.003757911064086133	0.005424067776653829	0.0012209794057547053
1031.	0.004366679583063915	0.0023752392636204878	0.0033367117976059366	0.004295828396096324	0.0007058962405403059
1033.	0.00972648718456004	0.004024329103161528	0.006389638800777068	0.008759300944700121	0.0017120360791992226
1010.	0.005079692538043301	0.0010814016355820133	0.0027846991660786893	0.004488859687349911	0.0012603140591841862
1018.	0.004741711450820252	0.0004449131391766059	0.0020636265677153203	0.003682993869339124	0.0011915511909384479
122.	0.0033440378283350336	0.0002218340815907105	0.0018291482503498837	0.0034328062743804733	0.0011624856878019103
1056.	0.005687626641087684	0.003670703993287283	0.004656990281512008	0.0056418865582869016	0.0007294839596429615
1009.	0.005520801128083175	0.0021725321402902287	0.0035336065591409886	0.0048917598273755525	0.0010061446721362451
1008.	0.005567101528619056	0.002202223206539733	0.0038382134252541522	0.005471065233801142	0.0011964233902038907
624.	0.012852998888173817	0.01082140349794658	0.011807970554357616	0.012794544826906784	0.0007280062470394103
1070.	0.008154766102911326	0.004586852547952325	0.005849274947750812	0.007287627147594122	0.0009350222199076163
1022.	0.004365420202829151	0.0008836941053423919	0.0025697579555900548	0.004253206567662926	0.0012414603442758956
1000.	0.014198179606724093	0.01167783885910778	0.012883333297167118	0.014086308526395697	0.0008806603940237222
1036.	0.006498557770842517	0.004345584025238325	0.005403829414338883	0.006460326187087584	0.0007804613669142867
1023.	0.0028043345465492697	0.000246818136893423	0.0014293681942482124	0.002609836796014675	0.0008750582059677739
308.	0.004029253972342217	0.000541810087071326	0.002244064822592582	0.003942925342977799	0.0012555624706180675
1020.	0.005897915563613854	0.0041258546265104945	0.004992093795823523	0.005855677298476913	0.000630123357130716
483.	0.01207821667182174	0.00978932376562125	0.010909513502479798	0.012035382197810418	0.0008201272927248615
1224.	0.0029237843060957447	0.00017485721968912848	0.0015559320495317206	0.0029340241153864577	0.0010179926540117889
1051.	0.00437469952835412	0.001209806768184829	0.002678004693758856	0.0041452642488871705	0.0010850386093884939
1005.	0.004182286943754776	0.0012603420130892218	0.002506018976934339	0.003750196326005706	0.0009185291863727318
1041.	0.009389539704287686	0.006072012092725787	0.007494870072785312	0.008915623821719731	0.0010353265846125615
124.	0.0028268523034240545	0.00043784456683726436	0.0016816246039435148	0.0029231055638153647	0.0008941639429054745
1029.	0.010053456250556203	0.007446679912197163	0.00863029743239644	0.009825441321903439	0.0008703454493573489
125.	0.003195839636853548	0.0005478111506653782	0.0018874455317629043	0.0032249087144440303	0.0009692428702780052
126.	0.004399705592476821	0.002137118430924567	0.003296119004137568	0.004452665267087541	0.0008314686467918234
1039.	0.0043078959429130315	0.0015611357591965858	0.0027409823268970575	0.0039203417024452625	0.0008649643078132361
627.	0.01350995931630139	0.0036304582077932857	0.008024276994986231	0.01247868925940443	0.003227542494092252
142.	0.004156515061941812	0.0012433458322641533	0.0026952803486503	0.004144051629555889	0.0010441626227988105
143.	0.002539391193346785	0.0004154773177783566	0.0014842516848151833	0.002551400866318998	0.00076943576835257
144.	0.0030670584422900493	0.00023263919240579245	0.001666582383563687	0.0030974249769749607	0.0010359674894841655
1087.	0.00896850191471199	0.006581000003280324	0.007751758531429819	0.008919607311433153	0.0008582919145320308
1057.	0.005393948027801909	0.0020048133327581485	0.0036475227889962237	0.00528661886891213	0.0012108524394521362
146.	0.0031864911943879637	0.00042351401879914263	0.0018507290315105303	0.0032746053061503133	0.0010265540852077645
1077.	0.007453137940106158	0.004244713471113215	0.005846295800288784	0.007449787851072531	0.0011833653197311444
951.	0.007468105479649156	0.0022209327824477265	0.0040104022807890246	0.005781183872962781	0.001301065276642892
771.	0.00847506886763627	0.0046344344455357955	0.005968176248054576	0.007284918847205724	0.0009577221929813791
956.	0.015712831362244994	0.012459235458359252	0.013854832849441723	0.015219595349492687	0.0009876586118267323
949.	0.009458272120967948	0.006099291817451058	0.007558534070190526	0.009010355013476135	0.001063311552505173
716.	0.02499681657969066	0.014447963091210325	0.01796474621150688	0.02149988215858034	0.0025463800861852425
758.	0.008047197414463692	0.003926750033230175	0.0051333732281536966	0.006336542602999318	0.0008887861388879149
974.	0.008389828984496583	0.0037269868123623873	0.005506018142277633	0.007276986132938257	0.0012854485351581572
732.	0.0052295186881597955	0.0024625682755640144	0.0038185671769632723	0.005172390869776611	0.0009966598120227919
739.	0.003981043617159008	0.0014023464058288138	0.002608872899538383	0.0038156724023098443	0.0008884843516785955
915.	0.007478506169557253	0.0037658549729752133	0.005531020920296622	0.007300212364305447	0.0012689965993878298
989.	0.007271651891239239	0.0036829871084177457	0.005424812883923579	0.007160102093348719	0.001250947707190967
1200.	0.03186056938203419	0.01816278491662815	0.023058065929040483	0.027972901548370066	0.00350873818365999
813.	0.01140582499368481	0.005761135750283919	0.00824222681740817	0.0107409678820648	0.0018247910170796796
977.	0.013824478908891713	0.010238466715950634	0.012307372491887994	0.014329493765664059	0.0014901577400144046
721.	0.007463214717380207	0.004162317236158453	0.005643660250276908	0.007149048410040493	0.0010800353529459021
751.	0.009367958460833936	0.007270322589329026	0.008237405741982215	0.009202994683359278	0.0007149463201081473
918.	0.009703756166720812	0.006475569818247595	0.007725471481138184	0.008972137096688537	0.0009230334464663873
840.	0.011788566734760142	0.007631800336685979	0.00944201970533375	0.011218038431316524	0.001312156580076221
740.	0.004366484463218412	0.001583649951904964	0.0029841735852631766	0.0043789119351616	0.0010249463595930065
890.	0.010636504661023949	0.006726166390583765	0.008580390480908143	0.010429365260380852	0.001332980459415135
842.	0.011614390676876085	0.007403871254904715	0.009193555153410901	0.010976169204877761	0.0013066615067342153
722.	0.020327706548076252	0.015914557080908054	0.017195608548485918	0.018516741682463533	0.0009378720138351086
910.	0.006323562212460998	0.002190930424847415	0.004115087222969433	0.00603055279418796	0.0013911420158603137
942.	0.018040574993127945	0.012201045392538967	0.01422274772428656	0.01623897000516028	0.0014548811740090325
992.	0.009017927999466657	0.006180990209098458	0.007443909045560283	0.0087039217176903	0.000924120426281219
1194.	0.008799877622149843	0.0050627471761670595	0.006869196716462676	0.008686701765911353	0.0012991726728664007
717.	0.012967875479700686	0.009163282699958586	0.010720264883730943	0.012272056985860536	0.0011197713440767912
1207.	0.010355202394219054	0.00617521530281151	0.008055099863230357	0.009928043130796538	0.0013628390406507692
768.	0.011195223952583655	0.007117383464270266	0.008929845180400964	0.01073793262398448	0.001326711008678817
944.	0.008263931330620311	0.0031888031571606357	0.005054350991468256	0.006916681079803144	0.0013594353693631776
934.	0.006044725880110069	0.002240085564103933	0.004027784238630245	0.005803731183174121	0.0012841151364083746
766.	0.01266904669780089	0.008255973539587402	0.010118278520162869	0.01196722902965841	0.0013481276264164838
778.	0.008475197914982524	0.005025030142421838	0.006391223806413485	0.0077519422874631205	0.0010007253805278647
796.	0.01220813174089419	0.009237132197368325	0.010730495029832244	0.012223373849541752	0.0010945985364675223
906.	0.027613958283768114	0.018441527893669485	0.021504325400880014	0.025120143779511328	0.0021655402009412347
888.	0.009035040795325133	0.005622135861440114	0.007053579801990178	0.008513457992575968	0.0010431197637517451
976.	0.013027228447084926	0.00888754496026245	0.010577864750119834	0.012263354255471759	0.0012351106812766865
821.	0.007908297352511084	0.0049396716976315425	0.006231545525289441	0.007517791376591032	0.0009490357907602137
900.	0.009826297899032999	0.004405736627365431	0.005946215936737619	0.0074782866614400145	0.0011027555922931325
710.	0.008733038012707861	0.005183840306106524	0.006903935118931599	0.008620807529597374	0.0012394533136359243
830.	0.008540652468166599	0.004909267843109744	0.006648537339548497	0.00839037496578543	0.0012527429770944477
908.	0.010142722227727274	0.007583750819824764	0.00876832456917945	0.009948111887845834	0.0008525033284386487
806.	0.004787733948378836	0.0010484029740636114	0.0025857390865082976	0.004150959108028096	0.001132147238744232
886.	0.02886122443117667	0.025606338222913805	0.02772981836093103	0.029892967199275144	0.0015162567870960547
789.	0.005322091151789166	0.0014748689347588995	0.0033014123638486427	0.005122404310716311	0.001349080862268784
943.	0.007237612325948661	0.002439165631012208	0.004296369133521731	0.006165672540336953	0.0013545132650141475
798.	0.005952938940134045	0.0026765525601536444	0.00428753158801864	0.005897262839696493	0.0011805107369284667
958.	0.009382476579018362	0.004696501564372846	0.006858664001650755	0.009006735052830228	0.0015554010091791443
1204.	0.0065499708334684215	0.0033755913066467746	0.004827558409469188	0.006265098925660739	0.001037421061301432
991.	0.0137945102389464	0.007206784239266573	0.009824127375589862	0.012467589395955048	0.0019218005687046534
928.	0.012328126163410946	0.00961564734177267	0.0112552719104733	0.01287891757765025	0.0011644958534672062
896.	0.02513636553070231	0.02201354731122196	0.023326610071559728	0.02463792241012208	0.0009367826667487258
968.	0.015158045790263475	0.008558985918938222	0.010056704572923347	0.011551263421405444	0.0011034907853641979
772.	0.024380140452256116	0.017202027486508453	0.019400717670858974	0.021596908548869198	0.001595113608420447
791.	0.006501465791514338	0.0013370801178600455	0.003392632007309773	0.00544373129453346	0.0015020438138928548
917.	0.01452820669751076	0.0075977493537214835	0.010293321143341956	0.013526725616124113	0.0019617721783838234
780.	0.011214425700942554	0.005850993472670263	0.007955033421812266	0.010048187476821568	0.0015148568280930412
898.	0.008981955890808524	0.00527918374449321	0.006792889672357739	0.008300213593398054	0.0010965749188524615
804.	0.006487779189080944	0.002565081872721753	0.00441416051578948	0.006291377383222718	0.001364018127716574
731.	0.0032121636987666458	0.0004192212712883503	0.0017615404792592176	0.003100309926758582	0.0009926773201408218
814.	0.02141853850566089	0.015367043815048831	0.018082845623764686	0.020792849408532432	0.001980318287589517
808.	0.00671673085308222	0.003158797159900417	0.0048331904066406875	0.006507020076704784	0.0012363247202645683
757.	0.012058739820848818	0.009582508110572041	0.010831339728383934	0.01207902941394301	0.0009117768342984246
711.	0.010843272219945299	0.006606927321924805	0.008465995026074166	0.01032239056568418	0.0013514703555042437
950.	0.007363359926437996	0.0028351359683794763	0.004769234915481575	0.006707895549564857	0.0013971338194580507
937.	0.006744062416664254	0.003953534375662482	0.0053674975267433275	0.006767414280874795	0.0010189525460037032
794.	0.0058365294587962024	0.002420080441094319	0.003989764070972293	0.005553418131403198	0.0011591668389208218
984.	0.006204968306989245	0.00326405318812506	0.004644626522801507	0.006071898657925012	0.0009921829941552198
1215.	0.022827156718460695	0.018926660491226155	0.020983356529674018	0.02309043405408595	0.0014862052120577143
820.	0.0051508071334982475	0.002270916519830246	0.0036058090690101966	0.004946684354283137	0.0009661501054115119
957.	0.010185378490062624	0.004832811943141224	0.006567522706305252	0.0083227246262636	0.001271463145275578
770.	0.009637422000443707	0.007130194258699096	0.008392164947406805	0.009650745799909766	0.0009007757582873323
1193.	0.006025718709608663	0.0022527902360196528	0.004085824108338069	0.005906119508293006	0.0013273733414001759
1197.	0.023209767131519565	0.014361031236137412	0.016013322030142947	0.01765953643268514	0.0011820951888307707
752.	0.01708686049290198	0.012795912368600781	0.014182969839088535	0.015566738370298316	0.0009981431131866358
936.	0.013801626837267045	0.008811480371193503	0.01024033088614437	0.011667580218915452	0.0010414655184057678
720.	0.006847353991672134	0.003865598282308924	0.0052914285098027295	0.006715154212995733	0.001021422600442785
924.	0.014585344621680374	0.01037899323946212	0.012230393104595642	0.014078245163292147	0.0013490026734021437
715.	0.017537902726025845	0.009981852909477285	0.011388883671977146	0.012799034298907386	0.001017403002225399
983.	0.01801748201894393	0.010112896092578927	0.011413989125168077	0.01274554135634065	0.0009555654343861435
823.	0.010720454120461187	0.003697545238190436	0.006587198377647189	0.00949800445876825	0.0020826559161969795
829.	0.005359383050348221	0.0018712235429988455	0.0036002907501047196	0.005321603301695621	0.0012643581594172127
765.	0.01087903142169333	0.004293016660391724	0.0059563641059023524	0.007636340920092133	0.0012073471898880108
709.	0.005392061780836399	0.0019165940446880247	0.0036263172144621364	0.005333061970500319	0.001258469688456686
839.	0.010658932068033145	0.004302476662029209	0.00599399035634753	0.007678337681443215	0.0012268308450606614
981.	0.00556677680585782	0.0014841646072976111	0.0034096899847449063	0.0053141106316273445	0.0013929250017810327
812.	0.01746225797562717	0.015311243178328549	0.01614854297074917	0.016981972958809655	0.0006012423991271502
964.	0.01549013337826799	0.011857407244864726	0.01367748069700344	0.015494383334583861	0.0013320853284134583
966.	0.020300238551078542	0.01545072805538894	0.01814860236074713	0.020844609222580912	0.0019441110280592237
777.	0.0059207723592414885	0.0018601254906664977	0.0037409981742257533	0.005599380015345989	0.0013491794864112087
926.	0.019399858726607544	0.015817057211191532	0.016809323222704856	0.01778324358177963	0.0007117545725863182
787.	0.010061665866827552	0.005060186789895504	0.007491316895056409	0.009952219013323327	0.0017851913176419488
873.	0.008520997183510959	0.004742252060675356	0.006627394958508768	0.008507953448519956	0.0013659622534972092
748.	0.02566209439658551	0.022519885237576864	0.02378938061759607	0.02505716345658704	0.0009347422106190594
749.	0.011465240171143476	0.009431639318097984	0.010399006521531846	0.0113647910232606	0.0007120054248033376
1800.	0.007314476139768877	0.004886590015545478	0.006054758906199054	0.007220166006668749	0.0008546236472534078
1846.	0.004114508286910512	0.002165006018842619	0.0030846087756586055	0.004003312084314259	0.0006718444103815813
1833.	0.0070895454848056705	0.0038229247020163948	0.005405287288129403	0.006984144880159304	0.001166871837794873
1515.	0.004789096032651319	0.000683066590180581	0.0027332377443696552	0.004777753959808506	0.0015108311160177293
628.	0.007599067123769787	0.0021865391674519286	0.004768449492846565	0.007339196843213158	0.001902337482422797
1874.	0.006882780036316372	0.004277700451029487	0.00551368698018327	0.006737011173926888	0.0008974091232618248
1704.	0.006057942668165839	0.0022371719335214646	0.003664688789778373	0.005086027949247507	0.0010439376381300393
1762.	0.007666095198163414	0.0031695745731351588	0.005399190651630008	0.007621663995834083	0.0016389901114488405
1888.	0.006355313908405158	0.0029473071423739006	0.004618937558800916	0.006287533447595028	0.001214584194374209
1868.	0.00836940821735821	0.005514192366742887	0.006940287404523185	0.008365775310365198	0.0010441562493416453
1518.	0.016754088452539895	0.01254580857569787	0.01419689406214637	0.015843934125407966	0.0011836596725403685
1890.	0.0038817118812035645	0.0006946768611236775	0.0022107192744589593	0.0037247491982387304	0.0011135500276092554
1991.	0.04294806019034503	0.0233420331873625	0.031127916267755133	0.06317480914564055	0.011360759088098329
1981.	0.08724419163994002	0.0031456442118695804	0.02716826853879056	0.07229024869760714	0.023245764051408345
1987.	0.020518232087042954	0.011104766381472175	0.03118983781560198	0.09237945471805364	0.02699439708960025
1956.	0.004397517119492433	0.0010083909277177616	0.0026536846823006894	0.00429770446285116	0.0012169934103492064
1986.	0.24187272150523698	0.0021225484396726335	0.038221934382802136	0.14561472409172094	0.042798298677140814
1988.	0.025538825581834623	0.011786692078234906	0.028457989188844762	0.05934577849897038	0.0152840118675665
1782.	0.020724472497900992	0.004682470150345175	0.00927427808623442	0.01737659176436146	0.004120665193491784
1983.	0.025635501348544976	0.01123905335513542	0.03645740449526172	0.11905193300095607	0.033302218895096304
1993.	0.027719113084136993	0.017449648453062738	0.021929925559155586	0.032549643902366476	0.004726071906054291
1915.	0.01966041798599283	0.011112240667384254	0.012648576824406552	0.014290013754072128	0.001143901462179655
1948.	0.008475701250228007	0.0050578116080781665	0.006685440067147751	0.008311291129136866	0.001191982447025809
2003.	0.06600838360467909	0.028274063415677397	0.03150573769979307	0.03479026456437739	0.0023248871241642968
1954.	0.00490389010016079	0.000790310063649935	0.00284373989392332	0.004884539258227738	0.00150955656638668
1946.	0.009771409258966912	0.0067340283013923585	0.008249088536827981	0.009768317405306814	0.001112462298050622
1982.	0.13703355759709368	0.006621145492644587	0.027164026837131944	0.06233083098248582	0.020141128498393515
1995.	0.1048380467194181	0.00933183483547928	0.032392955891086705	0.06841686805031955	0.021652188625334676
1984.	0.046834512577991205	0.003716780628974181	0.029716331968518153	0.0764968395671678	0.024913209833499598
1928.	0.0166501812900004	0.00485999102572876	0.00722741967299956	0.009539706520306668	0.0016862080734951037
1997.	0.029506162987017248	0.017026517891240878	0.019546720645446426	0.02196087726688245	0.0017759155582004096
1989.	0.03148962449682979	0.0026891762023492083	0.026648055874411	0.0968217468009065	0.02748957796400939
1920.	0.04954730278698649	0.017753746249765556	0.01861363098521317	0.019424705396059783	0.0006175569125928213
2009.	0.021094268734545008	0.010781718193271561	0.01306545147791754	0.015507315575985614	0.0017201459027292013
1994.	0.034025945157949655	0.002658453557529472	0.033610355683787445	0.11790099391187847	0.038131432849911294
2005.	0.04627012393950125	0.02315750102146774	0.025883839728834707	0.028505134932036436	0.0019189300505478941
1926.	0.019497584672675372	0.007533518633430103	0.009063422336565855	0.01048075599506293	0.0010687591324826113
2081.	0.018203725284473338	0.0044137029600040956	0.007023399070380058	0.009490819699608077	0.0017843159990347923
2007.	0.04002934899998656	0.007394989677782071	0.010377027631533706	0.013245210471251379	0.0021061812389324462
1918.	0.02300730468107448	0.007974858452525768	0.010409257231586819	0.012808784638922766	0.00170700482553599
1958.	0.006459979006549488	0.0034626901549771327	0.0049559618828364585	0.006444272155803343	0.0010829993304376096
2080.	0.020749742001654803	0.008886771706102414	0.01057281215700914	0.012186947244908986	0.0011773369835627813
1924.	0.05175202501387455	0.022354399165118943	0.02477814085407957	0.027111964924943055	0.0017252070539674406
2000.	0.016924366914693567	0.004630893048658713	0.00726953814750737	0.010073736641031839	0.001981515352677656
2012.	0.012091382868543499	0.004828075660059161	0.0073874270176609354	0.009883382560792464	0.001846040473911486
1945.	0.006180815393180383	0.003114019026050574	0.004634764976041338	0.006153997251398091	0.0011135206264268188
1930.	0.019014382990762635	0.006674102532713833	0.008858793273919328	0.010985274334742279	0.001554637016883121
2010.	0.0225047905091863	0.007596703615794342	0.00937003911895445	0.011712074813536089	0.0014079329255928337
1992.	0.04466288576083077	0.006990715473414677	0.024542516789096643	0.034466598307890894	0.009087072174102675
2011.	0.01354318161475876	0.004716592726457636	0.006916343922356122	0.009171677337992068	0.0016176728858606755
2044.	0.03280585833851324	0.011140365445137856	0.01336741248758112	0.015687182225546548	0.0016786441067097601
2075.	0.019903975574955934	0.008575124640953669	0.010514923118405458	0.012449929790613545	0.001389880439033457
2061.	0.024118949882641072	0.011229345815124359	0.0138651258361471	0.01669796128433154	0.0019639295262217416
2001.	0.04340278240626749	0.016656459863635287	0.01780432711387193	0.018987796855111094	0.0008582929247080834
1952.	0.006261520609947224	0.0024179730344211503	0.0043060916461597435	0.0061903184649654275	0.0013897902454281387
1969.	0.005685151744877492	0.0020595907145088965	0.003727602149193699	0.005391819633612016	0.0012152796554250763
2065.	0.047661057203573054	0.023569835964627917	0.025897008173528867	0.028218449983197003	0.0016828895911768194
1979.	0.024440752262209542	0.019337797881000318	0.020768995327040667	0.022189127749153603	0.0010355761640285007
1968.	0.02056343695533136	0.01442100525444423	0.016044603656369706	0.017666681716888122	0.001196554229755877
2057.	0.045080431439869284	0.02142477588823588	0.022311916949417678	0.023131907977094746	0.000614984821115033
2048.	0.016990330253856878	0.004813777225912919	0.007269484196779451	0.009723210308223207	0.0017743877564239169
1999.	0.008240384647953514	0.0028725253814758656	0.005248772577480811	0.007534071317360724	0.0017110176841895375
2053.	0.03859776752072708	0.02437749692053348	0.026846947409796845	0.02935452604100197	0.0017809587596306624
1921.	0.01791952433131694	0.0057706378491751975	0.007563566813669635	0.009359810297609461	0.0012928793987494176
1975.	0.0073651024018150935	0.0030763252613439374	0.0042702261567310025	0.005465874260497938	0.000859598373613254
2058.	0.010441814190829679	0.003806400582445857	0.0064159878306138465	0.009132255354656671	0.001946715496016414
1971.	0.007373185544056526	0.004010682705935298	0.005222363250770021	0.006423102206432829	0.0008669876132411647
2052.	0.023301241565106823	0.011636164886752676	0.01421161493434145	0.016968854075028017	0.0019524090296564594
1951.	0.005611847196169362	0.0018668599779674278	0.0035797689729152	0.005289537906861375	0.0012501348300153205
1973.	0.0246216301735962	0.01819347790139758	0.01869987194957178	0.019211272263412682	0.0003629448405837943
2054.	0.06289520197993148	0.027451844816914983	0.032903769586710215	0.03841270490738269	0.0039158173874421975
2043.	0.04394830791126614	0.021118155927319915	0.02644716549586484	0.03185079781277045	0.0038994691227635264
2045.	0.039014166930230076	0.022835605828326	0.025321179773275665	0.027828382480013403	0.0018211968191169062
1927.	0.016111115054837977	0.00581979602887428	0.007853102697537867	0.009808948038462995	0.0014687423090768983
2049.	0.021922344763850132	0.006887577575634629	0.008742022012311475	0.01067512832000006	0.001353435137793568
1959.	0.00578175047728402	0.0023888198126231774	0.004084370119462645	0.005777119141545883	0.0012483256577046538
2070.	0.012160051167417252	0.003711820075858463	0.006075449960378171	0.008498187304570082	0.0017449618303259598
2064.	0.04723654014163703	0.02013684827068052	0.022337923870597493	0.02461800491452104	0.001619721245676113
2069.	0.05372405032826588	0.02493846146545109	0.025862627863451264	0.02673016240443582	0.0006396283375016692
1957.	0.006815162244133144	0.0034730767677680907	0.005002095698158235	0.006526432272709659	0.0011243495722371467
1977.	0.026360536918895172	0.02141923859924566	0.023150057958073293	0.024972629850863126	0.0012157713983594947
2073.	0.02035142831308534	0.011495304852739308	0.01236152907068858	0.013147438679143142	0.0006180049779652003
2079.	0.011836706578642775	0.00536876799776409	0.00753149145067591	0.009657938041934377	0.001582758453248196
1923.	0.052600364085812146	0.023494619109209136	0.02835196914137477	0.03334592725494545	0.003630794906050033
2004.	0.011492945369140917	0.006085981532257367	0.007845548648541367	0.009681682003331304	0.0013294595913943756
1953.	0.004785662214856323	0.001250839904858192	0.003001173839741961	0.004746105507753895	0.0012893846615189587
1947.	0.006572237846844686	0.003531297627301755	0.004942974061761236	0.0063529303229649114	0.0010214758528548158
2066.	0.016329720313087215	0.006891507025596821	0.008771808875464889	0.010814248480142008	0.0014644484980391378
2017.	0.010148963167829872	0.004319952191749299	0.006370898159544426	0.008377202832956177	0.0014587947224300255
2032.	0.019303533231765035	0.008411748539286723	0.010353719455330064	0.012046328900915948	0.0013012342139396723
2074.	0.04996635024786866	0.0228082588886247	0.027594707385423536	0.03256813396644331	0.003575028350509947
1972.	0.009841351597381864	0.006195287526410631	0.007559937379972219	0.008964503436197702	0.0009936586560174024
1998.	0.07490482219508454	0.02614102918249661	0.03030992963457037	0.034327385861545046	0.0029612178522857614
1978.	0.0518245811534912	0.044326276886803684	0.04648087048194254	0.04864727026505511	0.0015442014008208058
1917.	0.0549887345036717	0.023021448113840548	0.025038787981110637	0.02700363008735973	0.001442921257074253
2037.	0.010629201497031171	0.0029488577859287934	0.00481092672921257	0.006855149398190319	0.0014602202633952868
1929.	0.019261284848947846	0.008555278300937053	0.01056244091209421	0.012291310912526776	0.0013591438042566968
2039.	0.024705786797921125	0.012919814733745372	0.013822174612716424	0.01454661168561766	0.0005938232132217142
2016.	0.033713285078413646	0.015737674519547995	0.01931845992702379	0.02300572170358406	0.002665737842723883
2006.	0.013011583210635114	0.004289819227924263	0.006354521294522721	0.008378179671927444	0.001490943130668944
1976.	0.03323153832693071	0.0301299601111491	0.03165082217710856	0.033171959672583906	0.0010880987013758964
2015.	0.02098471756193565	0.010396861341995245	0.012599973015658203	0.01501758668746156	0.0017203318599977695
2027.	0.055466830139689116	0.025390270539954574	0.027492238711301787	0.029608494233873017	0.0015296884149965234
2038.	0.008680670914095412	0.0023320852474937315	0.004982930509717593	0.007560094209589363	0.0019132071786689615
1922.	0.01831942309887602	0.006800904003507746	0.008815223834035208	0.01075464196975462	0.001386759291785195
2023.	0.047464978832780114	0.023598003396743783	0.026161638145937877	0.02874253723021758	0.001833910335564275
2022.	0.018732042532921933	0.01060189007667689	0.012037625512840341	0.013240810988145224	0.0009611344063603347
2028.	0.015645462187785508	0.007944541628814972	0.009386716099960779	0.010778564248175138	0.0009786741571539213
2034.	0.04500791312038044	0.020780841348527757	0.022014607635200144	0.023255682213654927	0.0008861852743110317
1916.	0.048535690568969	0.025603902246006616	0.027486085776959917	0.029363993044029035	0.0013489645636351386
2021.	0.014096276733728041	0.005698040513222091	0.007401254129335225	0.009277889847049248	0.0013351991184519568
2033.	0.04625271168237033	0.02378657864881495	0.026576103095325106	0.02943187862205554	0.0020211795750887367
58.	0.009545801842700707	0.002639657505615567	0.004072806060573715	0.0055185321104354035	0.0010463030120225077
57.	0.04443712463230398	0.02204524161104149	0.032276241791428274	0.041598142338614696	0.006964685773431969
62.	0.05039481986487504	0.00782396359968851	0.019096633080391685	0.027031523664778567	0.006572946495848756
165.	0.09614575991272156	0.03006186508158104	0.0554622522113287	0.07633303968081828	0.01696223528600548