Case_No	mismatch[standard]	Min[mismatch[fancy]]	Mean[mismatch[fancy]]	Max[mismatch[fancy]]	Sigma[mm(fancy)]
163.	0.009749365888381378	0.002529949810585186	0.005048891346094068	0.008702682956874708	0.0017238253433247534
161.	0.009696828316639539	0.002939156291185241	0.006511612723259886	0.0099578931649148	0.0017362964158437284
164.	0.014353574573719774	0.001570247984757911	0.003804404406921673	0.009625516700753844	0.002217435751829297
963.	0.003489044822034826	0.0019236745644471975	0.07845695593495043	0.5576134301772133	0.1757087803658388
1129.	0.003580369772462788	0.0015228898212680253	0.0036231387496888446	0.014746851893896906	0.0027288273830462046
1217.	0.02217347914775969	0.012349627646894623	0.016980252367883347	0.024949179692674517	0.0035338153895287504
887.	0.013302033908806243	0.0029231056522095455	0.007150451591286416	0.011509074910401762	0.0022244701905817983
1189.	0.007391766472320316	0.002566607114496744	0.004929978873811654	0.006639361150272194	0.0011315878616993788
790.	0.005266124236008585	0.002474329959646915	0.005259965386808142	0.0201234828257304	0.0033735049244153076
907.	0.004858991160877735	0.002488083490845172	0.009083432313694925	0.04579983728458492	0.009583227288363859
788.	0.02194442040449751	0.003468750949687349	0.009874976332892318	0.014302712037271292	0.0030332529711406147
872.	0.005956764117988067	0.001999569935467682	0.00407749706759598	0.007275500561396031	0.0011722681275232105
861.	0.005381222926884699	0.0027785330113275775	0.004144454652427005	0.010545942839179312	0.001559825693387311
853.	0.011528657860566893	0.0035633669763990294	0.0060701690992963	0.008129591027508876	0.0011538084388896266
767.	0.004890853031686904	0.0023816056489657234	0.007016936878970222	0.01847111978089644	0.0048578651661577155
841.	0.005181582382169259	0.0023544687705724376	0.006682251164958342	0.016504564475368078	0.004268754407925502
1205.	0.007756326169996219	0.002725477151960587	0.005354024484702915	0.007531569436822982	0.001217251136267966
822.	0.017541831564808263	0.007232774273193576	0.011438572913519397	0.01748939756879131	0.0027503579459054665
935.	0.004815674388579105	0.0026967014707431902	0.007341088552271409	0.021372439281184152	0.005427700392684752
927.	0.021049926471472413	0.008493996862202313	0.013988074457284385	0.024926019881465256	0.004645765544610947
897.	0.013099117541965688	0.0024587013192151064	0.004825091499763274	0.011261875221475481	0.002122755093646332
793.	0.005166677264275443	0.002333782904958226	0.0047395128735628084	0.01339180379360283	0.0023852002228775373
803.	0.016505855447022655	0.0022496179551922957	0.006523178806534307	0.009618494416805512	0.0022267480966146275
967.	0.01624300043181881	0.006120601111392121	0.009853209445389357	0.016313926545776347	0.0028224239219914954
925.	0.010761695368289415	0.0037276438245131827	0.0063734085101327335	0.009278709416701947	0.0015253864227425288
965.	0.015251871618403912	0.006686336353798228	0.009618320018213587	0.016154810282438925	0.002508990151267322
982.	0.008855433666545176	0.0019183507016371504	0.004613005198192547	0.005856503463554263	0.0009337589758317411
876.	0.017369636736139893	0.0035175081924626594	0.006366366794503074	0.009938087528770123	0.001688146026196913
865.	0.006609190759665928	0.0014861668425376617	0.003875422775003951	0.0072591188690528385	0.0013925172260635227
1188.	0.007735001577552136	0.0030857494431739685	0.00516624619466952	0.00809671087212338	0.0013375962429094553
856.	0.005406739387224357	0.0025035152868578825	0.004177436975231546	0.01180414828930032	0.0020737770145199414
764.	0.010939675219775458	0.0030127557707253505	0.005782012558085546	0.0076629717342749926	0.0011973680218606516
838.	0.010912811199583983	0.002866258098894514	0.005709275344787503	0.007621553944782922	0.0011945634134503044
786.	0.00915183913151374	0.001671280649281126	0.004980532816747752	0.007819801934672688	0.001779335759149852
874.	0.005217148717510223	0.0024770565111574827	0.00402430525682738	0.00778390767620718	0.0013768384140737692
863.	0.012116000494584722	0.004915225258620759	0.007113712873417581	0.01034144951261562	0.0016640638099754493
855.	0.006318057864137749	0.0020494831537739566	0.004257325589646223	0.00956573933477356	0.001706152057152177
1195.	0.008714005625941157	0.0020455386683669863	0.004705660786962501	0.005897370323255768	0.0009681219670701844
3.	0.0020825543580522687	0.0009384776574413722	0.001863431190978281	0.004342924875030851	0.0008188008469653724
88.	0.011057934266832437	0.0075247222819746495	0.008602337112888042	0.011942494334733378	0.0010344376631981084
1028.	0.010529944334734087	0.0016659261541424053	0.00363232191186439	0.00881730620463339	0.0017821650520648367
1053.	0.007018069184747344	0.0024168520353839984	0.00443059794641442	0.0074048287677122016	0.0012362613097308373
1067.	0.007953300106590344	0.002801579766131601	0.004804426564347716	0.008020556336439943	0.0014422487248348468
1006.	0.00613011976190847	0.003802126445527465	0.02658080812811079	0.15814333519165136	0.0354048077246633
1048.	0.009997480422275329	0.0016499392378465094	0.0038600086140750363	0.006566427835018485	0.0012577351241932968
1079.	0.012485606027297536	0.00268378713515971	0.004829576089839207	0.007707486274220354	0.0014037890476180908
1049.	0.005786826643656484	0.0034102962414206406	0.01039242930823173	0.040188022628188436	0.009265906779887605
1035.	0.008872583174691084	0.002248338528715199	0.0055452620155991865	0.008744558229956345	0.0019494920835400652
1066.	0.008847684683544355	0.0027689990451796875	0.00778113732597684	0.027533994921241534	0.005800850414545193
1019.	0.009685945650844352	0.003526135967504729	0.03776778639754057	0.15424952774336298	0.04597067718349925
1076.	0.010212057186577916	0.003125933124680458	0.0055461220332488	0.00954386791891737	0.0017409809052202148
1086.	0.0048215125861417185	0.0027618140309684236	0.015903677193043416	0.08693329052899124	0.021351042484047587
1071.	0.004538848936807893	0.0025217174934089037	0.0092203941185796	0.040245521226784486	0.009143881490240006
1085.	0.013438725135209495	0.0023302494471360014	0.004831183238886253	0.008615466157395613	0.0015708292916606027
115.	0.003962134356725988	0.0019110534262938295	0.0031943387103872335	0.007116775226909011	0.0011945750017580406
632.	0.015069654348764838	0.0016989124906219288	0.006999830551113277	0.014825266839645135	0.0034140364961487554
117.	0.004421643866570069	0.002410969739338853	0.003627042865654245	0.009448339753717838	0.001350528335654941
116.	0.004059929813104435	0.002046828971679293	0.0033880502685331554	0.006794269531053443	0.0014172037760071718
1042.	0.017936414830631686	0.001714974750342102	0.006011304067509856	0.011822715682193619	0.002749652020983836
1078.	0.024279531891919115	0.0026373823425610565	0.005364910212117673	0.011050527349080297	0.0024623036937038096
123.	0.00641084168634154	0.0007010140384634544	0.002828690269024738	0.007156752150200951	0.0013015714824351856
1045.	0.008785448663217177	0.0057102753915501125	0.021906046184770486	0.06397751653865069	0.019646888079732472
1030.	0.006563415943889539	0.002767351226489523	0.030295143681278995	0.19284426863738358	0.051675755395834744
623.	0.05684978645914418	0.020875749187374337	0.03723916742680399	0.05576598352068096	0.008819952983059669
1065.	0.006977342280054866	0.002240102434134972	0.004009601990050962	0.00886004174134436	0.0015304695204957524
1059.	0.00541268556262664	0.0005121430462668997	0.002463889630113466	0.003645727365160001	0.0009063488873951473
121.	0.0046383499493647395	0.0015844461950146327	0.003341177916748034	0.00799749992631349	0.0014692539573326047
118.	0.003948427230274776	0.0022385949792952387	0.0043905221618563165	0.011958325092229272	0.0027884512778973583
120.	0.004520385386741377	0.0006215279595563894	0.002885679866177916	0.00546522277072381	0.0012236289833861774
119.	0.0034019643035229086	0.0016817691585117034	0.002951356650060683	0.00623775661714554	0.0012269415670549987
1027.	0.011138542390620398	0.001545157592085511	0.0047493285122793116	0.0076948100731102365	0.0018496031752434936
1012.	0.026232658842180956	0.006255232934503474	0.011739862445354339	0.015782883940552495	0.002074785598576566
1031.	0.006682274443191916	0.0019685144938087484	0.003987528777068571	0.00830267905734694	0.0014640351350691386
1033.	0.01968621666794068	0.0036505660474408508	0.009142306882563253	0.014334297754568959	0.002946812797863032
1010.	0.020958609285746665	0.004834550691237727	0.010463622537351613	0.014123243342191283	0.0022969079504121404
1018.	0.017484542142776505	0.005726949412978355	0.008453537639551898	0.011470295875191994	0.0016331422805494784
122.	0.005306265472389438	0.0008742374537595854	0.0031831834518447834	0.004845789833000436	0.0011561910335514112
1056.	0.017661343625374748	0.006844592180501374	0.019285770504887105	0.0872663507510294	0.019977261658311693
1009.	0.013194318342718447	0.0022649236951963747	0.006477203419174949	0.01048771546939975	0.0022192010019155906
1008.	0.013322937628750031	0.0027907585116565548	0.006583356696303129	0.010235861978428074	0.002202594912071445
624.	0.003864681442913742	0.0021108129759913608	0.013546329545664551	0.08032541883532907	0.01789373561551498
1070.	0.026045881560627593	0.0036068897387352417	0.00643168204464465	0.012471500894819076	0.0025391740231978954
1022.	0.021511158899477856	0.000765847416099974	0.004842197474786626	0.00874936830722306	0.002315187854749259
1000.	0.010018108003115533	0.003213701883964193	0.03166697718500828	0.340624915071159	0.056194467824005834
1036.	0.004349492203086114	0.002506095414755327	0.0056722520226582295	0.015463023521449681	0.003127058716450226
1023.	0.009215349547392893	0.0033093839133684355	0.00939903638395641	0.05076675148478382	0.00959987046184987
308.	0.008476140128445886	0.003181688280943562	0.005586562300100818	0.008642010711252035	0.0012995444174123485
1020.	0.0061660850002748235	0.00302938600799052	0.0055840697673869245	0.01443958025653802	0.0027879576488864057
483.	0.015361585884275275	0.0049426328826751575	0.03726527714411705	0.21295620705841145	0.04488249866110832
1224.	0.005702433175629684	0.0018279786348860405	0.003612315235529819	0.00944292423364912	0.0016081079865625826
1051.	0.01321785626716876	0.0016480001354231	0.004632849619165895	0.008004262684953689	0.0018681970874341674
1005.	0.006765947222522439	0.00227690322652796	0.019961125977523562	0.07468771633307958	0.021804589964540613
1041.	0.008809495058603956	0.0016241419159368498	0.00448668015232054	0.006852833618192999	0.0013366094450516224
124.	0.004935690315188923	0.0015054406806022103	0.003415150927556224	0.011096165635498867	0.0019215104233622317
1029.	0.011098611980289497	0.004022609284401568	0.012684007353458926	0.028393296803360335	0.00681262631582261
125.	0.005180079418348638	0.001753073365952651	0.0032288216724810134	0.010649266499874521	0.0017212503983899323
126.	0.004870932594300048	0.001864058659858725	0.003423152168225355	0.007415299722856705	0.0012788608890626399
1039.	0.01652204959638659	0.003084518116248991	0.005913935709330237	0.013067863098964905	0.002742268766581843
627.	0.06346517303600152	0.0009116736392504876	0.012052430435052382	0.04341265613949585	0.01133007967579911
142.	0.006249985845324213	0.0008613774083866543	0.0025640902345254496	0.005063551266998201	0.0010441745897403387
143.	0.0037763316396577373	0.0015855207948631822	0.009090242843922167	0.034422689188194244	0.011175171386670787
144.	0.006879938152219323	0.0015802690876185466	0.0028071391199218513	0.0047522117388555385	0.0008463202728058882
1087.	0.012939239726006857	0.0026770902507321503	0.0049372722488508535	0.010299493393799763	0.001969339395442245
1057.	0.01071092759301584	0.002812653417027744	0.005395524381189247	0.012001807949651111	0.002248706221094633
146.	0.010237777959368421	0.0017293066742033458	0.0035728049176372186	0.016547860209002008	0.0026343568571274324
1077.	0.012473887780340864	0.0030752898551387187	0.00619676628856281	0.014935890564428345	0.003158491390254847
951.	0.013757949554156101	0.004211640557496565	0.012586368532844883	0.0178285668086533	0.0035404262009510992
771.	0.006325617470289591	0.002013286262245062	0.005123092030518964	0.008670790226367853	0.0014891253081927795
956.	0.02693347818924252	0.005467542727409791	0.013108842635178355	0.01936466540198878	0.0035799577058096958
949.	0.009465772572234465	0.001973336520678326	0.0038289483936005345	0.007046859972041575	0.001611384056485681
716.	0.05584798595913676	0.011166152842586707	0.023143712407374513	0.033564851597736034	0.00644723500671519
758.	0.01088422954374424	0.004487712273071431	0.00585500991855402	0.010409437421131762	0.0010053840609418048
974.	0.011944419519427929	0.0022679136876925243	0.005976232904512501	0.010239800413009759	0.00162338188708649
732.	0.01151836609932344	0.0034308108352838484	0.017378130292765942	0.05510181271033965	0.015246989448221311
739.	0.012384715530394108	0.0029537152166306813	0.008758915872500998	0.035738401694922595	0.007224164771207307
915.	0.02600528572222527	0.006441771085917591	0.012417362915178799	0.019379065227982273	0.003609736420758698
989.	0.02542139219819295	0.006412352222187945	0.012278827697194915	0.019381011400588455	0.0035620211729267648
1200.	0.0638318772460067	0.015228679786388089	0.02823337804674945	0.03956779234300567	0.007316048556949758
813.	0.020691317466309478	0.004680964032385382	0.009526564525936077	0.01509124241329951	0.002905860279490738
977.	0.022303540022250434	0.008579380523673685	0.021406302991935675	0.03148136074503105	0.005960394289988186
721.	0.011132889240857535	0.003204004521815129	0.0050891219925861386	0.010012168445215797	0.0016872708330659862
751.	0.01718802411292919	0.0012835649457881848	0.004975422374198669	0.011097158390297568	0.002533954768326582
918.	0.01445012567537396	0.0032932170448728426	0.0055497686574004935	0.011210520233584709	0.001982086933531752
840.	0.039590541017609615	0.010811650684354412	0.023556094714554672	0.03377634812805441	0.005514955533656355
740.	0.015371680523626141	0.004211685288956657	0.011294781882078907	0.03731215550848077	0.00644428367585146
890.	0.010918066122740488	0.002452904786488963	0.004645258233075938	0.012139155304484839	0.0018482711435571489
842.	0.024786406084731816	0.0036071645798543273	0.009760689438949473	0.018804795074150005	0.004050326095381881
722.	0.018404024201794322	0.010973968062308881	0.02143910868611032	0.029494529070158926	0.005275932828076847
910.	0.026742813905041074	0.005887123622252299	0.010430012057339611	0.01684897835679433	0.0026818198580092537
942.	0.01932083531193407	0.0027551951683782994	0.007994619804813776	0.014453386051947792	0.0032460796663520987
992.	0.014034118133030793	0.003127447551644069	0.0054670566259332545	0.010972001743378312	0.0018897168430297396
1194.	0.02101717894957611	0.005951575126686759	0.011763854734276588	0.024106392257664866	0.004431709852565697
717.	0.032900019242193435	0.005275039601755127	0.010779743161759777	0.019040096674824536	0.0034414041608640446
1207.	0.009670016771757606	0.0028505290833154007	0.0053769126013512025	0.009179029328462929	0.001649154264277767
768.	0.024411813688307027	0.003526834620442565	0.0096743168819951	0.01826449163060162	0.0040050354549499055
944.	0.006847575109803494	0.001811531875494543	0.004005689467438929	0.006576826522566748	0.0011744109858263245
934.	0.034177330397216266	0.008742731862206088	0.015886460426967845	0.023931214903750497	0.0044312796118801635
766.	0.043624796090921625	0.011204912959361546	0.024380542733824454	0.034486753697346106	0.005906441538163515
778.	0.0221378349821012	0.0028917286219373173	0.009045814026108373	0.024914349011923576	0.004697107424427252
796.	0.00820385476257901	0.0015424170350688549	0.0053538579700742	0.015096544419188618	0.003415500356012374
906.	0.021404967940477526	0.005516514170417208	0.009763493021828551	0.016324897889794854	0.002813083641201486
888.	0.026600650181206942	0.003674204836783712	0.009857756999392831	0.016791837129802922	0.003196402743634328
976.	0.02298574329366676	0.003350183872515955	0.009708305829800054	0.019516730364597445	0.004112261297369407
821.	0.012892637822336628	0.0030982534764038006	0.00545386888391968	0.010406947056195603	0.0018766008052472564
900.	0.011948897107244005	0.00600710871604726	0.010537609454404993	0.019069501284996293	0.0032037590586801532
710.	0.018150581071362137	0.005932172902314847	0.010505820387397904	0.022736734760825605	0.004039254608264016
830.	0.018008974502984998	0.005961986832483612	0.010648171444986896	0.02276402131566635	0.003996213367151384
908.	0.01675487225247474	0.002125801466061561	0.004989361865504096	0.011752786520743075	0.0024187516164120054
806.	0.03268988649887539	0.0018779135212200204	0.011100374762661533	0.03888409885027566	0.009248159617736
886.	0.01590614388641043	0.0061037604079590135	0.010512876151228114	0.015238835889726077	0.002710188751489435
789.	0.030724848138060423	0.0018541174565656071	0.009694988749235548	0.023393625224405246	0.00548863571638188
943.	0.031827088790301605	0.0072133691284608226	0.016707636176988554	0.02405291265987708	0.004576798631444674
798.	0.009751121346131542	0.0023286610884500902	0.007982342484525808	0.019948969662205274	0.0047142140433907055
958.	0.01143376993639722	0.0025408041439531903	0.008657101060382796	0.014801770909235623	0.0031892393541010154
1204.	0.017896688484113632	0.006223786307992252	0.012940339134823932	0.0235747707855537	0.0045276369923385185
991.	0.04800211987501091	0.00934350213829116	0.019739224769161387	0.029584498981657714	0.0057802025215104216
928.	0.018990412927616496	0.00895000194705986	0.017005913641090668	0.02626227707291584	0.004573894575410346
896.	0.009237635637990071	0.0021665355155858768	0.004652763922932177	0.010774609054394979	0.0017873340843148281
968.	0.015278194477685858	0.004961416788001549	0.009823939693986547	0.017120437604922878	0.0028665272123580806
772.	0.027707855569621964	0.009284510765016907	0.019456711214362016	0.028775669235763024	0.004807766327441201
791.	0.047280272759565034	0.0027935469160214055	0.010923369476191472	0.04371513350411782	0.00960619032019381
917.	0.04653834335286844	0.009053400336940798	0.019306055413097996	0.02886001119302073	0.005625452524727276
780.	0.018488463678426048	0.0030951216144033955	0.006371630157352188	0.012194330600512227	0.002518056874025801
898.	0.027109370328407212	0.005164843726019552	0.009714874946916802	0.015609025835752632	0.0025619332785467366
804.	0.04092212956666619	0.002475476008698352	0.010473652303572199	0.02955515860173108	0.006679774943148085
731.	0.01884396888889328	0.005204984283270209	0.011030847034586531	0.036716716139510885	0.006245784074120402
814.	0.0334074641877804	0.005739568427664765	0.015011938911718101	0.021569717149824252	0.00466396081224782
808.	0.03346405882441539	0.0017966744934397871	0.006249305980909495	0.020526377158529785	0.00489764148693939
757.	0.016111266139873792	0.00218333985222674	0.005047071056737946	0.00955947751377928	0.0018669200254192136
711.	0.009840303397866568	0.0026901002807392382	0.005287797129453209	0.01014038829846553	0.001754903633743596
950.	0.028122841672881038	0.0036951965652084473	0.009051890300513813	0.017258079448597363	0.0036896767604417207
937.	0.015941851773917604	0.0064127797472139925	0.013201649249076151	0.01982315362821252	0.0035120561148041613
794.	0.037951139064535955	0.0015306592652286621	0.011819651296194666	0.04102953439878965	0.01077147445343878
984.	0.016871536478672344	0.006202981532302254	0.011576934205589386	0.02150341696587499	0.004179079453605893
1215.	0.023327887949515458	0.014204423079835715	0.026118502110635752	0.037404954500609544	0.006696126266467356
820.	0.03298914185868995	0.006103187211751404	0.015225138861404	0.022080182474641274	0.003925593367523095
957.	0.012080182244748827	0.0018762445513175185	0.0038374622603501865	0.008022180134157009	0.001709548035985633
770.	0.013036192733835494	0.004590780240058323	0.009434835840216423	0.02208991607639832	0.00448789756680894
1193.	0.0445248460111648	0.013658269644697962	0.02296962567240686	0.03441688476178717	0.005547092449123632
1197.	0.00968814938969631	0.0029622754779229377	0.005887674161922699	0.013045152501688473	0.00210543381530634
752.	0.009051173289210568	0.004060261361082951	0.005990950124529952	0.014039153301208418	0.0020111761969554254
936.	0.020759647035550777	0.0027358960838808066	0.006023615275079381	0.01001862210518456	0.0016636877540642313
720.	0.01770336297624009	0.006301974119909404	0.011546683774072874	0.020201350933310547	0.0039019912820715276
924.	0.009874745992090372	0.0022854425441899417	0.005312258432780452	0.009314760537930566	0.0012531567870410478
715.	0.007686165497314712	0.0028815776319686126	0.005330924910526452	0.0105455835382684	0.00179159829403787
983.	0.008789318605199048	0.0027327303732039843	0.005674035831249395	0.013232528583165815	0.0021864874834476348
823.	0.0341271739039003	0.009321635497555825	0.018631475876188804	0.026940465369918343	0.004485305222895611
829.	0.04021660001194882	0.009705611998604535	0.01891896825912916	0.029465258432060826	0.005132131697717503
765.	0.013701524899630058	0.00334763886521805	0.006399968783891919	0.01091252940224563	0.0020137388086712456
709.	0.039909701973369516	0.009584466717725504	0.018858692570943122	0.02965130883901612	0.005103015725225609
839.	0.013432578457910016	0.003217042728778985	0.006240743394637508	0.010289782888107002	0.0019495535248834671
981.	0.04750353386348605	0.011443764398128109	0.020730540500424572	0.028762308412732196	0.004704030832817832
812.	0.013292502097591918	0.0035234832066080024	0.0075565431727693914	0.016791003140762317	0.003363385432897787
964.	0.012704657642579109	0.0036204147497631567	0.00650583320639418	0.015863324842747217	0.0025448108379815012
966.	0.035694006244359366	0.005301911545961824	0.014338920315794333	0.019510739216678674	0.004140367278294424
777.	0.04812746443213067	0.011421018617154277	0.019722416687647643	0.02748454005493306	0.00434871241202887
926.	0.04009804344510115	0.005685614407736073	0.01327775999540203	0.020977281817037063	0.004276224676857518
787.	0.013778848939395294	0.0019488480579551437	0.0062037845174049795	0.017910462018570605	0.004247302540639202
873.	0.011127308634721889	0.0013346447547886164	0.004043181273707312	0.007931097352317562	0.00175970051162119
748.	0.009036815970468126	0.0038081543833790032	0.005451760763402205	0.011492714539662607	0.0015174487387050613
749.	0.020391312777291115	0.002042019980189602	0.005625621740892902	0.01695262692460242	0.003336346254700233
1800.	0.015564543563336142	0.006442411090305411	0.009887666260384308	0.015891110695625432	0.0022642417069814475
1846.	0.006640749109560806	0.0024417969248563542	0.005902095207150394	0.01839867371072379	0.0035737348621087016
1833.	0.007208371575687766	0.0008332718012268314	0.005130542001737031	0.013244366490907433	0.0033697311744297588
1515.	0.009696097489725108	0.0008602817074137015	0.00320728529811201	0.008284955276105621	0.0021086833258806685
628.	0.01710646626600154	0.0008966445642721865	0.0052688576403624775	0.013629850903445151	0.003492909697494644
1874.	0.023194581134529435	0.0015161823924991769	0.005488537494888992	0.014132730329989074	0.0029179811162031765
1704.	0.03794925696807394	0.002542746565389664	0.00719598176172652	0.01961699148879592	0.003835760915095171
1762.	0.011269730368914987	0.001053425667965291	0.004863555497375219	0.010831346251824914	0.0028154644439411353
1888.	0.011501431834367581	0.0015740420588309378	0.006547471410941149	0.022231656854367565	0.005154142271186269
1868.	0.012981906782617125	0.005594775484139114	0.010152906794590497	0.024673861075189762	0.004087756336121741
1518.	0.014496883957985318	0.005012439124386425	0.008373571631668917	0.014384396382571385	0.0023263829466472394
1890.	0.012487289984126071	0.003883449633579561	0.006275498384651069	0.011266453342870242	0.0017170861553288761
1991.	0.00915547447292031	0.0011420571861593398	0.0033114330140084965	0.006765768953622242	0.0015226842827830965
1981.	0.03162765061881301	0.0008563623791161268	0.005920088567459337	0.016553713435071282	0.003621204680696276
1987.	0.013062109545593836	0.0020496344267123545	0.005527662726177675	0.011305316904872131	0.003147387764711366
1956.	0.020241494381842307	0.0004004949962818083	0.0026333768135981908	0.005259693005233879	0.0014876943936172904
1986.	0.028240131679247327	0.0009010768166466399	0.00439021952737984	0.013156612398825374	0.0038174471099050324
1988.	0.013024391269080615	0.0037734958427403376	0.006557549347288268	0.012241927618832138	0.002141595002661621
1782.	0.012393529385220647	0.001992558262632782	0.003701195438471612	0.007079803306099253	0.0012275329897313565
1983.	0.012034230586043582	0.001629810566699419	0.005994733450786491	0.01623534397180526	0.004412623344438367
1993.	0.007743894953878061	0.0018425155353699596	0.005955880291508696	0.016984516817968198	0.0033486725574535152
1915.	0.015685656059900133	0.0042977770854970565	0.009670124898883298	0.01773434895463355	0.003327933137896245
1948.	0.011790036509557567	0.00036506082901210934	0.0026958478461248233	0.006665964344535702	0.001878893197627452
2003.	0.01766160638490788	0.004487788982222907	0.009708880265356374	0.019592742118129225	0.00341321952528542
1954.	0.02697328986700409	0.00042752909787491244	0.003006924273806465	0.007781373287550908	0.0021466621713047557
1946.	0.018323575974279582	0.0014057583844595545	0.005209691212599811	0.010919090046049518	0.002936701019034839
1982.	0.0073901121175451445	0.0021051803005956993	0.00692114164768635	0.02006185478832767	0.004667096006529017
1995.	0.00784219392155483	0.003287717798102774	0.007162870503045797	0.015188846006914392	0.0036484866455659694
1984.	0.014557838767435993	0.0011971250466967787	0.0057454839688667655	0.011244691155273046	0.0026916884479829904
1928.	0.012137706071968957	0.004900973013363896	0.016658840572064865	0.04206207391928252	0.0093519338207831
1997.	0.02286446688967614	0.004205843912307827	0.011120796985274687	0.017638961954195786	0.0031287759579306444
1989.	0.00909384158729365	0.0022838465366131766	0.00547126427389812	0.009854798106983864	0.002029535273183062
1920.	0.01838856153543378	0.005207709430604002	0.008984435169598813	0.018969435742913876	0.003113738518514335
2009.	0.018335905292801713	0.004236553253167963	0.009413008607104293	0.01787286732012494	0.003233657460837482
1994.	0.015772962204105734	0.0010707807928638235	0.0052288456542169985	0.010391595042306467	0.0031658551319689566
2005.	0.02514550285470485	0.006259977591452803	0.019165755312191984	0.045521244097338265	0.00978612430607883
1926.	0.022607960488935985	0.006044588156852937	0.011252800810782303	0.0184385650164679	0.0029268342386702235
2081.	0.023828878458946656	0.004354027144096051	0.01646259659648226	0.04402945061982988	0.010946703420386816
2007.	0.034801146866369814	0.006367881100614259	0.019398252323892338	0.04559426651348686	0.009632901078990971
1918.	0.04124444501826785	0.0065900344604982175	0.01965663303583792	0.043167879664929076	0.010834029264160402
1958.	0.021083076734626505	0.0015620945609912118	0.00624438917342897	0.012820630607911054	0.003178745554001144
2080.	0.021721688937424766	0.0033128740757335517	0.012230970837877513	0.02460472235768707	0.006044583154359025
1924.	0.018616436666395564	0.0058992826117939545	0.016617824290406133	0.03983265305759354	0.008520104955342145
2000.	0.0635141807074513	0.0060002313296247944	0.01846700775722959	0.04547776250245794	0.008567925744519507
2012.	0.028488952314190574	0.00590268070373301	0.017847596285677128	0.04948005965332147	0.01184697433710524
1945.	0.04461919531540759	0.0017764260740067428	0.008238929804050674	0.01871197619484599	0.004328330965952266
1930.	0.04882492003406591	0.00669970874524739	0.01532284859484063	0.0359600375093716	0.007916792097629624
2010.	0.03731087262338484	0.00846828479231121	0.02110475403164726	0.04074915387302713	0.008614844439812235
1992.	0.010121432399425978	0.001901143212591716	0.006007782477334823	0.014830203571094547	0.0031399629071540624
2011.	0.04264191216822699	0.011488419831108154	0.021596919735032423	0.038417122826504	0.007180015963380161
2044.	0.023682257349682212	0.006024769221797732	0.01736970575368473	0.030675891092952656	0.006217957021005891
2075.	0.023496231080712193	0.004246378784554361	0.019452403537056778	0.047260713978719004	0.010936734831723237
2061.	0.01751057199964723	0.006004196195547262	0.01961663592070135	0.05333102039329629	0.01153562836542334
2001.	0.04902749955061836	0.005803948463609099	0.014513000200160234	0.035509602065553425	0.007374668658588938
1952.	0.025756508527049027	0.0009791483406879076	0.0054844431785165005	0.013346248821372697	0.0038762883383694343
1969.	0.01714686395872711	0.004652941368060826	0.009971100928238592	0.02015093715896943	0.00424032531942084
2065.	0.008599345510303946	0.005371462581862829	0.014741288232425709	0.03720569771293225	0.007954204817778976
1979.	0.019853120403423796	0.0041084779267734906	0.008115890671043968	0.015177457915172554	0.0031864713193750786
1968.	0.02835786044907762	0.004737369649656431	0.008916173975228177	0.015500066875235752	0.0028267876901703114
2057.	0.018718192400173028	0.004606972979392054	0.014054828855971178	0.03034709018284043	0.006589290734187515
2048.	0.03367560769393396	0.006799675968625851	0.011348123780471432	0.01539616190310611	0.002260144447147162
1999.	0.022391165341085095	0.008550686638696736	0.016971503356283172	0.04018989924497374	0.00829190119421283
2053.	0.008290077106433591	0.003591208670300494	0.0066808003033767575	0.012989453624170477	0.002249228360003184
1921.	0.009287583844909464	0.004956743610197933	0.009469617211170258	0.02160602181428717	0.004551167702652223
1975.	0.017717574784230417	0.0031210886910421065	0.007413364360245861	0.012311623706624197	0.002342781995074225
2058.	0.01923473769313222	0.003947366691421039	0.013780877197904115	0.04068075796656723	0.00967305681817666
1971.	0.026196542999466388	0.004123992736679516	0.008064042724568692	0.014322236528954035	0.00231024220781528
2052.	0.01922511565416296	0.005358210743864222	0.013962344212092127	0.031207426939445893	0.005814639202981961
1951.	0.022697611797601325	0.0008106611581786272	0.006856216672155101	0.016200749597639286	0.004319035353892081
1973.	0.021250143877276195	0.004744424379226286	0.00996932839510932	0.0192786465220679	0.0040168453404832915
2054.	0.03719454872957528	0.007070673686744411	0.019068973341111132	0.028816357232068213	0.005645875745140768
2043.	0.026241676234778244	0.004732387805829297	0.01625349697973148	0.029019501136495762	0.006156077491773149
2045.	0.017843602956268856	0.0033355761038196263	0.010969384909503393	0.02723485556054983	0.0052365121681615615
1927.	0.022879800003067774	0.005101972432579371	0.01050842866275656	0.02018681741781314	0.004424378674854368
2049.	0.01703681728368056	0.004576467200073209	0.011524677731499924	0.02848234816623707	0.005736945870496648
1959.	0.038106290977973134	0.0025036134077385253	0.007824385902458415	0.016264417753839577	0.0036978810515538906
2070.	0.018390412342487505	0.005155414799509317	0.009942689379888469	0.01983448936700616	0.0038838419506066774
2064.	0.020319217528051103	0.007390511602230032	0.017242225643453617	0.04798201718348594	0.009721607034459468
2069.	0.019701235688809993	0.00508821983728891	0.011596319379723177	0.028324693153364833	0.005205482809573803
1957.	0.0235484169820539	0.0016272366689070727	0.006271805157725561	0.014576299654953884	0.0031640039917850147
1977.	0.024709988880529887	0.004282022432656296	0.009564270565942223	0.018757255912080995	0.00300922427405002
2073.	0.020228307351510932	0.003297274288188601	0.014332944777974458	0.03517364947245394	0.00907512450969011
2079.	0.00814074675810772	0.0034324084702676005	0.010970970695155841	0.031552940520960915	0.007281465239925067
1923.	0.02361091683226524	0.008838804630174502	0.020496146562716536	0.03940429790633182	0.007685414769906717
2004.	0.008520348515935527	0.003115034548233142	0.010538508035109695	0.02707445252184082	0.006571763334904442
1953.	0.013154811180788983	0.0008824055625075156	0.007048890033748975	0.016182675845500705	0.003930939843481599
1947.	0.026293795308426127	0.0012964132780157733	0.005055807698061634	0.01320526301688052	0.003403518228854369
2066.	0.01813741764164789	0.006770888931010743	0.02037960571548908	0.056472518055088905	0.012765785331664918
2017.	0.023502213177800768	0.007399441474084445	0.011921152190007672	0.023934018081967046	0.004557411335148354
2032.	0.045200014650728204	0.00630466784112671	0.01937046030901144	0.04098893926005187	0.008279512643570994
2074.	0.028907615331002834	0.00938167408930557	0.02113830094973356	0.04676921223690822	0.009618937887826213
1972.	0.021522811125609942	0.0033514198936888118	0.00649407503324762	0.010157227295119808	0.0018282464378367726
1998.	0.037959764282255115	0.007248781087112577	0.023757928306787426	0.047025894838378046	0.009435248466438862
1978.	0.018675526386396135	0.0041293616899442664	0.007422445584735628	0.012370180850850065	0.002098031754436597
1917.	0.027352781690892503	0.00604319636053352	0.013747242035878267	0.03183651269507681	0.005927404335035293
2037.	0.011901015697928896	0.005117536924282184	0.013500769539283933	0.039160389602813206	0.007700931881752209
1929.	0.05619348156816206	0.006656640214307119	0.02379567818154294	0.046703059054784446	0.009385589490313848
2039.	0.03343119751143708	0.005822441627195474	0.014800990205440274	0.03431497876709688	0.006813183474743122
2016.	0.03375110701048001	0.0040098927639115045	0.013357219377927306	0.021759287252057113	0.00453126101702898
2006.	0.014374416840487458	0.006445512811926735	0.011073261151652102	0.023946467401288807	0.003998592816453847
1976.	0.023242994031813402	0.0030013711961114353	0.006452247585576657	0.0099531522300631	0.0019249594671227547
2015.	0.03394940784987366	0.004492761925229294	0.013293950446309887	0.02506108124919626	0.005146304393385278
2027.	0.02912066545192571	0.0049835306425154435	0.013365120346747786	0.025086635386313394	0.00479498017915475
2038.	0.02604096374269138	0.004715450805304999	0.014562076834175972	0.040128127744970654	0.009008825293411868
1922.	0.023751724353680448	0.005504131487348407	0.011498624305961404	0.02043776727409108	0.003881245597198996
2023.	0.024315667783999295	0.004782566346949735	0.011681470977711897	0.025402617477615297	0.004841634971204261
2022.	0.022107575090208886	0.004505148049687713	0.010535189348226079	0.02343672321266088	0.005018658796423051
2028.	0.020350765427956996	0.005279744536739961	0.01585279402160668	0.03844857920600664	0.009007219357312269
2034.	0.006793424284267213	0.004875160339067985	0.009235542330698145	0.019923515926415503	0.003418981548308306
1916.	0.009267027350832735	0.0044412530107434955	0.011814808608006766	0.03231033371368286	0.0065521607561726865
2021.	0.01141324202009919	0.004445755416916497	0.009612752113938658	0.02285919940362402	0.005093076026169244
2033.	0.012575016356280222	0.004624471594035229	0.012834874992445204	0.03386388144157959	0.00748616676858469
58.	0.018950942904876422	0.0019977388386928085	0.005312042715817004	0.009900911508147425	0.002028511566932635
57.	0.022217580560374595	0.00041630289887528704	0.011646064917455571	0.03636327115558846	0.009256642166593035
62.	0.006032089708762678	0.000581858985313155	0.0041667448813601385	0.012759000802065934	0.003309462347860514
165.	0.21855174352821072	0.006322549007177325	0.032769820311469224	0.11605371667153719	0.02469261251528787