Case_No	mismatch[standard]	Min[mismatch[fancy]]	Mean[mismatch[fancy]]	Max[mismatch[fancy]]	Sigma[mm(fancy)]
163.	0.012168762871192729	0.009735445065495618	0.010799121730952948	0.01186035844278055	0.0007742875947550552
161.	0.017262808369348903	0.014967269777466874	0.016062158020614815	0.017154837756728103	0.000803612838123664
164.	0.011721938451483394	0.009754769690518583	0.010726295009894252	0.011695911630561051	0.0007084721647248505
963.	0.009163939242928798	0.007173695202745134	0.008170596637954037	0.009165941646642861	0.0007367851322695177
1129.	0.004978926776772252	0.0034868106168032265	0.004229731143557408	0.004972171101972456	0.0005437092489926262
1217.	0.06673422319010236	0.06458932657002892	0.06558271743184366	0.06656339194267491	0.0007046906970044391
887.	0.03413627207565362	0.03218160096162026	0.033083778480542496	0.03398429379982515	0.0006614346254353137
1189.	0.004641330844752267	0.0027686678929429442	0.003693599940598929	0.004617107564050538	0.0006804413562960396
790.	0.0072484784402686575	0.00494921526472214	0.00600044644419377	0.007048263014822975	0.0007714631954809857
907.	0.008928146224722044	0.006970485640329982	0.007880956417780497	0.008790009644612962	0.0006661777775905935
788.	0.030136622559815307	0.027350300907206804	0.028637103606017993	0.029920655193128365	0.0009179990105005693
872.	0.005832000006015803	0.0037558128037019634	0.004752033848177089	0.005746661506207396	0.0007341258824983441
861.	0.004963905302495575	0.00291350648918709	0.003908174336984619	0.004901172106124063	0.0007331947586955504
853.	0.016453960545520396	0.014214968129461991	0.015257476443000094	0.016297242806200818	0.0007711849390887508
767.	0.007565026700088628	0.005598555068142108	0.006569862611070956	0.007539565881975019	0.0007163659604476329
841.	0.00495420041570771	0.0029656356945862994	0.003934583038619858	0.004901930717029157	0.0007156935489206465
1205.	0.008403094197227068	0.006332464527655124	0.007364303613695841	0.008394319769230663	0.0007552257989532346
822.	0.04973424657194492	0.04704600158775685	0.04823352935517679	0.049418240818627446	0.0008629103837493749
935.	0.00852288145270852	0.006635607571423674	0.007569328269299487	0.008505244298492864	0.0006778292644966414
927.	0.04822224044543033	0.04574020232870968	0.04679988440656628	0.04786462781518408	0.0007596038704722882
897.	0.015082516931657186	0.012916125041429805	0.01378477734500376	0.01465203314663488	0.0006388899613498792
793.	0.006261727825512264	0.00405748869823519	0.004986105461520073	0.005913311905713203	0.0006822438709608729
803.	0.025359941204333714	0.0205835018587609	0.021882424206508766	0.023176979622149818	0.0009419378438275944
967.	0.03126035221647028	0.028900600784130925	0.029969186208175593	0.031034372815451183	0.0007741476363923818
925.	0.015079291591828525	0.012851232239144195	0.013802322375865074	0.014752247719781453	0.0006920248264191807
965.	0.032759858516763884	0.03048116637479814	0.03148995005881018	0.03249548954919046	0.0007223526600919059
982.	0.005889411561505131	0.0038997393660078483	0.004894815637099674	0.005888122274523622	0.000722502502237721
876.	0.020030815453330075	0.017910447688203823	0.018855100889255686	0.019798224640864226	0.0006872211346875434
865.	0.005054146850440477	0.003148432441712923	0.004070426074031706	0.004991213175106979	0.0006820851267674827
1188.	0.004798349164542026	0.002872720945970686	0.003825144317479278	0.004775867589707272	0.0006941119794509975
856.	0.0077726420597645784	0.005819433646809924	0.006744207881580303	0.007667527371666094	0.0006841777855611393
764.	0.014890115201749765	0.01258372376774397	0.013667764962131226	0.014749200439677979	0.0007929873931467857
838.	0.014380334728363087	0.01197657091963178	0.013084262595429066	0.0141894297173083	0.0008101951109131597
786.	0.011956762705849111	0.008939288744647333	0.00996395309645276	0.010986840401139286	0.0007440850558913973
874.	0.006419744920484471	0.00449925585369626	0.005450139109805127	0.006399519015437005	0.0006936102946588386
863.	0.02382615809343569	0.02169032067311527	0.022747661984341916	0.02380403799208286	0.0007640408204291965
855.	0.00432702784649075	0.0024092503907254814	0.0033655162850060446	0.004320127662704065	0.0006931865802189213
1195.	0.006489306468624889	0.0043912701286784595	0.005414269819581607	0.00643529963027345	0.0007416478342070837
3.	0.0021281023394013054	0.0011011393773009415	0.0016196799583437888	0.0021378242944242176	0.0003801147800098513
88.	0.010855455588344665	0.009707408164935316	0.010283412943765367	0.010858962075287804	0.0004241179630949746
1028.	0.01006497573580778	0.008176430733513818	0.009049820874916263	0.009921825017472075	0.0006364880201682185
1053.	0.00931990575404018	0.0071410693222956345	0.00819313708935106	0.009243062441355754	0.0007705139725557649
1067.	0.012859891567074011	0.010711032212167182	0.011684252461307668	0.012655908253156989	0.0007066817840191624
1006.	0.006647484199287734	0.0047190087540172065	0.005680300599362766	0.006640106154011782	0.0007111535112193179
1048.	0.010570532496592455	0.008324623852929425	0.009331491572574542	0.01033677089551488	0.0007440212788150371
1079.	0.013810419499241	0.011384370728357518	0.012464996595829428	0.01354358955118451	0.0007773065634103213
1049.	0.006775239768487262	0.004660317779426548	0.005695268903563845	0.006728463261245765	0.0007551167772784142
1035.	0.008846893140514456	0.006636338192725466	0.007725089161790562	0.008811768265755249	0.0007968918611486407
1066.	0.006154160847431367	0.003983107501475569	0.004923446021726994	0.005862247878877569	0.0006905157375631725
1019.	0.005088921390692058	0.0031028726695754294	0.00400730208295527	0.004910439370347408	0.0006633387957488912
1076.	0.011643152394212763	0.009031766487327508	0.009990271171702652	0.01094715222451259	0.0006931994684646699
1086.	0.00833419064542773	0.006695574979887597	0.007500677400343795	0.008304667550602218	0.0005909301775341315
1071.	0.006730030688051669	0.0050973363141838535	0.005898268120465207	0.006698335427536395	0.0005903174722466152
1085.	0.011575908439985905	0.008790200216998834	0.009742236444909222	0.010692885999052049	0.0006983500865937297
115.	0.00526835643717205	0.0033846645964382693	0.004347409249088864	0.00530858247321897	0.0006948713791192837
632.	0.027730901297527644	0.024163615295048735	0.02580855939191349	0.027453370101844787	0.0011910440626550405
117.	0.004723909603648768	0.002665651211115616	0.0037208793691885685	0.00477417965124971	0.0007620668028890738
116.	0.004478153499607895	0.002573481253393961	0.0035444056880041845	0.004513667100771057	0.0007020141986847087
1042.	0.015139255343761038	0.012673984849488451	0.013747571845225409	0.014817868835586112	0.0007875899520834997
1078.	0.0205830956359766	0.018417589506808163	0.01930855926727101	0.02019783151160026	0.0006471550083539593
123.	0.0038715508185209746	0.0018057902135822923	0.0028467267678227875	0.0038859484902912245	0.00075756920815625
1045.	0.0051477483302098115	0.003129284659240561	0.0040881583359179	0.005045676874967819	0.0007094047634159683
1030.	0.01145318091999914	0.009493188484796855	0.0103969818097798	0.01129937480483989	0.0006612233394817278
623.	0.13243965433660432	0.13130439875230993	0.13163413646488206	0.13194640403268398	0.00023011101277283728
1065.	0.007338112051372914	0.005418325206647867	0.006371837937983967	0.007323972154838487	0.0006939959678140821
1059.	0.004428611761549517	0.002612384913267096	0.003498009424053483	0.004382261985935054	0.0006531494875958567
121.	0.0037623340152460605	0.0018808661521482195	0.0028391271502393894	0.0037958639710993225	0.0006972154770679955
118.	0.004439015689714609	0.002782596882353938	0.0036255518770833073	0.004467302522936589	0.0006118978242340929
120.	0.0038087030545310707	0.0017451228283218434	0.0028043615774914024	0.003861705603099619	0.0007657897373500566
119.	0.0056831278265963014	0.003902389706080145	0.00480937680217396	0.005715125571045809	0.0006592293096054644
1027.	0.017620355133713073	0.015322106938476798	0.01624043623050295	0.017157484972854076	0.0006698797033342758
1012.	0.019838836589918585	0.01747748504462332	0.018568327246834968	0.01965500528682529	0.0007836474924299863
1031.	0.012706981793443095	0.010869202618191576	0.0117422285679641	0.012613435283595709	0.0006404734275622213
1033.	0.0349172290134836	0.03051784805655211	0.031565793275264424	0.03260984473440043	0.0007488754954404406
1010.	0.04028852182816134	0.036701678576124386	0.03781263301104433	0.038920756719148186	0.0007998048039709111
1018.	0.031082982585966312	0.025136696535839942	0.026130337474463944	0.027122505822782306	0.0007262689716395487
122.	0.004477146113060937	0.0021844891241256104	0.003340488340128371	0.004494379090638101	0.0008418059410068957
1056.	0.006264111416037221	0.004411134723669385	0.0052993593112214115	0.0061864264781418266	0.0006509392282084834
1009.	0.014265419360476317	0.011942624748898178	0.01302151232498593	0.014098583663390674	0.0007825808892364735
1008.	0.011392025863255384	0.009133390538844655	0.010254697746748812	0.01137436812509618	0.0008229494460308195
624.	0.009378886231291128	0.0075165324187530524	0.008429258964390644	0.009340401846978486	0.0006688319811320165
1070.	0.02054012931414706	0.0176322497570488	0.018651131831800952	0.019671411283883278	0.0007382329762092455
1022.	0.014479666003571978	0.011861074891545753	0.01307669760280565	0.014286905856004561	0.0008886135816022705
1000.	0.006839759944125112	0.005020839418673484	0.00589904788070128	0.006776105200066107	0.0006479398118073331
1036.	0.005731829022718515	0.003869562581917174	0.00473503993380208	0.0055991384195479554	0.000629532868734509
1023.	0.00508406978706899	0.003134028025191027	0.004045848041501344	0.004956101144515723	0.0006656583762190889
308.	0.006335662070309778	0.0034068070505336445	0.004866837901230476	0.00632294957420465	0.0010580681445954941
1020.	0.016390853566793373	0.01453848816466874	0.015356923222229155	0.01617429198777165	0.0006055940560469454
483.	0.011782919642322032	0.010065410501666427	0.010901731401400822	0.011736965568981073	0.0006169067025165054
1224.	0.005951347790230543	0.0037635230845385337	0.004815904273952322	0.00586628790776389	0.000768366165575201
1051.	0.014084592049977362	0.011689516255816379	0.012711521714543393	0.013731784804315805	0.0007399882329633187
1005.	0.006330541526075262	0.004421618203230726	0.005373443396634428	0.006323706183303357	0.0006944491466473835
1041.	0.01439553399103033	0.01137474809250294	0.012361678399304752	0.013347480729871353	0.0007231460519357156
124.	0.0034133837522345445	0.0016347588141707448	0.002544667418508231	0.0034532463599964425	0.0006587128084681743
1029.	0.01602362130217505	0.012077319543565057	0.013100583034353066	0.014121954542882786	0.0007468842120255797
125.	0.004295867077227178	0.002359885907453396	0.003282851845494999	0.0042043401106707234	0.0006743963101873104
126.	0.006618533131998783	0.00474601889188353	0.005685133268471219	0.0066227615819913765	0.0006816731060192852
1039.	0.006763811590465685	0.004213191513720793	0.005130466249014999	0.006046349958693575	0.00067771825890342
627.	0.029385173800601128	0.021014027776095956	0.024150830208993328	0.027277734800002063	0.002281078590110527
142.	0.006255135564573577	0.004233340316549539	0.005160454041992916	0.006086223177117711	0.0006723450956698993
143.	0.003560777420265837	0.001953184586861667	0.0027457185883791972	0.0035372344415091073	0.0005754465518233934
144.	0.0036189885419294354	0.0017187384311471154	0.0026759410362936207	0.0036316183886802023	0.0006991551387030001
1087.	0.007567882830925909	0.005614114483376231	0.006492471271957316	0.0073698433479667536	0.0006454185898122228
1057.	0.0065927605145001955	0.0040292852646667265	0.0050651379623233034	0.006098824073234144	0.0007524694340258866
146.	0.003997613652431564	0.0020884290427412022	0.003062838259809025	0.004035765260434032	0.0007068391301139818
1077.	0.0068908361059109025	0.004827590723119224	0.0058456945413033244	0.006862160557046915	0.0007427322567460381
951.	0.045616457605550775	0.041794339248865775	0.043318987642663107	0.044858401384063495	0.0011192406614588433
771.	0.047849170101541105	0.0383370325744844	0.03917024478034154	0.039999102690167154	0.0006001107050545776
956.	0.06483346732529083	0.05496603463854055	0.05658176077592188	0.05819753757979551	0.0011650932424200036
949.	0.01978662517849261	0.015629838520123673	0.01681088180428134	0.01799997625875871	0.0008511392983964518
716.	0.08826967379213835	0.08172970153673231	0.08218641192947086	0.08263103617314937	0.0003244220655939236
758.	0.028702621382985738	0.026715709445780278	0.02762380902930638	0.028530100711232742	0.0006511561846850768
974.	0.029066591735594227	0.02637175668620584	0.02766127908200829	0.02897043823907952	0.000937006098090895
732.	0.0062901131708209546	0.004332486635510335	0.005308760476004458	0.006283312494994031	0.0007146483813695349
739.	0.005709038977323444	0.003427951585564193	0.004375379353898991	0.005321370587776597	0.0006942548827769807
915.	0.031469324179603575	0.02797952199841036	0.02892181663270786	0.029872401836967155	0.000689520142807122
989.	0.029337231755820814	0.026478208601576347	0.027454996614436167	0.028437712529530645	0.0007096441632981778
1200.	0.10849401221368049	0.10261214343177405	0.10324051391243465	0.10384513029435116	0.00044745060170762975
813.	0.07437750076972272	0.06261090970379812	0.06466643522219805	0.06671447471922931	0.0015012010234679491
977.	0.08372235336993128	0.07061433067053302	0.07274323787898401	0.07486729812977189	0.0015231055116821728
721.	0.020152604118135686	0.016531931744325323	0.01775282046195137	0.0189684745398071	0.000892561633008246
751.	0.007239444099149228	0.005325951432064269	0.0061826996227408405	0.007038193601518694	0.0006250473958038753
918.	0.014507734214933676	0.010859976985229891	0.011918107466527534	0.012980529482881864	0.0007722656140517918
840.	0.06551787869381087	0.06268567470506003	0.06379199885154277	0.06488842242847848	0.0007945611819283769
740.	0.018206369368849118	0.015128074450783568	0.01618601692428374	0.01724252114408753	0.0007719815631442623
890.	0.010160603616641284	0.007683548275992713	0.008750667348008258	0.00982032305806535	0.0007709173060149328
842.	0.009450961713527328	0.0066808269361749995	0.007833084339913558	0.008974203168044315	0.0008335382842277493
722.	0.0940416084773733	0.08173261621933658	0.08341282971445134	0.08509363418967575	0.0012304793564022526
910.	0.027110150555080592	0.02506620585371433	0.026068470960799072	0.027066864121389034	0.000739367540843213
942.	0.029096751981864566	0.023231871875037724	0.024281715843000033	0.02532356191293661	0.0007483692215136741
992.	0.014207234947321568	0.010735626992856906	0.011809788956672082	0.012887808668738843	0.0007784775130984392
1194.	0.02210583475207062	0.019502191764850463	0.02057903376290987	0.02165668948723598	0.0007886570389073241
717.	0.017075227513836277	0.013345962401209555	0.014436839179365118	0.015533491625228768	0.0007878798575776423
1207.	0.013915439100370519	0.011113910114424641	0.012283053786019219	0.01346474981140311	0.0008507415511495845
768.	0.009666321605605988	0.00675250435810737	0.007915742435657888	0.009068126232916751	0.0008404755154807229
944.	0.010819290748222188	0.008246957448747816	0.009485864005806647	0.010695649788484474	0.0008841784560283969
934.	0.0650039888789895	0.06121049843151383	0.06276675478510554	0.06431504082340112	0.0011348155211430855
766.	0.06707363872076422	0.06374002754045904	0.06486400926082563	0.06597826343489821	0.0008042389755368799
778.	0.013363048458322035	0.010900668869784913	0.012006421820060807	0.013101215834658175	0.0008047929362653677
796.	0.014959208669062973	0.012163523019131706	0.013433367122174559	0.014709587162798687	0.0009325430952320088
906.	0.07547394660037998	0.06394482505473698	0.06518263718852546	0.06641475826880339	0.0008844329356139751
888.	0.06433730050141795	0.05694268420787851	0.057245372915813796	0.057542251432730174	0.00021462732880466934
976.	0.01107992875206576	0.007923657182485555	0.009075138892807094	0.01022052346597091	0.0008314806180693921
821.	0.01255461694103921	0.010041930329340643	0.011103407970711606	0.012163829517286007	0.000770460977070351
900.	0.0517701736662588	0.049033668199450986	0.050374766498216164	0.05171768238872143	0.000987584741211491
710.	0.018599164148143887	0.016300684411443278	0.017402916685620336	0.018523140065422994	0.0008078129628235859
830.	0.01815167904258197	0.01581851606396012	0.01690692207253805	0.01800244967846265	0.0007976712328339133
908.	0.020223968242043644	0.017265388128276382	0.018157214169652453	0.019046335368078315	0.0006585903381525244
806.	0.012284606409629473	0.008263822738237447	0.009398947203764404	0.0105318968163306	0.0008187066548255809
886.	0.05089770525237913	0.0411847241992398	0.04252316562797259	0.043860087703025186	0.0009729895695592397
789.	0.03857450764647441	0.032731511222775955	0.03291640693493546	0.0330883272339445	0.00012779305578854424
943.	0.07017485277557789	0.061023868253062497	0.06188416184779939	0.0627269527290295	0.0006193075323188228
798.	0.02560798584227153	0.0200638146253318	0.022095546897207014	0.02410746069070513	0.0014452764863794154
958.	0.017428825554311134	0.014871544110711232	0.016154193087660203	0.017416284002561788	0.0009263607527063529
1204.	0.033859542599867454	0.030101496863775945	0.03136339748910286	0.03262081061570954	0.0009009657492798473
991.	0.07885755172288977	0.07506782557753666	0.0755083480943916	0.07595028963137429	0.00032591322447719974
928.	0.09350096136915054	0.0791664403343314	0.08126257240749454	0.08336108704974488	0.001517792340199842
896.	0.019804375184251044	0.014874700985427869	0.01592074167226023	0.016963608974931543	0.0007508253811933313
968.	0.08257051924350878	0.0697562151437261	0.07027316187560198	0.07078365671808806	0.0003791880416727657
772.	0.06611953172367335	0.05829994757074164	0.05885331272936838	0.05941346053152019	0.0004033207673108582
791.	0.010788486386294815	0.005599953852321704	0.006784214632385018	0.00796580315765083	0.0008582741042158923
917.	0.07981520419568222	0.07562235760694314	0.07611427633114183	0.07660446658372644	0.0003516612087443848
780.	0.03523036871179075	0.03137678186040194	0.032643017058296975	0.03391373432453193	0.0009205240606428921
898.	0.03909246278934464	0.03588766458400727	0.03685104589267491	0.03780861248385936	0.0006875575459035547
804.	0.042712557659125516	0.03941336935134743	0.039816311064711764	0.04022389113215741	0.0002948179966369266
731.	0.016266995187954825	0.01421457141576632	0.015182528159095942	0.01614863135888922	0.0006968236809081264
814.	0.04713304715813915	0.04002773640145074	0.04112331188425584	0.042217469271425556	0.0007993556432969158
808.	0.016417504586811904	0.013010874806097417	0.014592535337610854	0.016123691856830713	0.0011262971579693861
757.	0.007235117446056205	0.005140623237453346	0.006075100097554356	0.007008124850506725	0.0006872576378315095
711.	0.013813504665483145	0.010880913102316758	0.012034345874329912	0.013197838046396182	0.0008429094610212508
950.	0.03063007960280184	0.0273727343317115	0.02856200956350597	0.029742612938958635	0.0008542800288622815
937.	0.042510352677906815	0.03543048511949687	0.0367074141111256	0.03797596422504257	0.0009122364042645193
794.	0.007841054614745269	0.005321262662695503	0.006495693839670326	0.007666805027042645	0.0008476413312170442
984.	0.02669554372440297	0.023981012980230032	0.02513141797528037	0.026284725341513826	0.0008256291901243602
1215.	0.11338687960116445	0.09927177995273562	0.10131548155141269	0.10335840788295814	0.0014787644165099088
820.	0.045875853550556234	0.040600642961989064	0.04123474387075758	0.041871286853026435	0.0004553719312678241
957.	0.01487609068811413	0.012187673733885518	0.01333153199088721	0.01443500400885478	0.0008120441901260903
770.	0.018271568920064096	0.015985812850138004	0.016998331850369842	0.01800844150278169	0.0007383861970092359
1193.	0.083477583069279	0.07618437419238333	0.07798715121368924	0.07990330739222484	0.001273394512691437
1197.	0.028385276938684534	0.022269737620460583	0.023376810280566134	0.02448805784513497	0.000798693051277951
752.	0.022430768771276255	0.02017642768572958	0.021100222427101016	0.022022450173136976	0.0006710300134166882
936.	0.010402726256833028	0.007202783258241863	0.008309451106001477	0.009427355568361162	0.0008086785289198014
720.	0.027235791969197454	0.023501857356623024	0.024664164985696197	0.025827529276623684	0.000832023698319439
924.	0.009578648655903854	0.006746339509950516	0.007896146226916565	0.009041301503816546	0.0008439042537173366
715.	0.017424353991741692	0.012723411982807908	0.013890088839680844	0.01505885101869986	0.0008468660803205442
983.	0.020026285894966134	0.015219737399506883	0.016355826794585266	0.017484816518360757	0.0008382016156860595
823.	0.10377870722538562	0.08727839390171688	0.08982262823503095	0.09235866237494983	0.0018200522735741089
829.	0.06884967183386304	0.06367114040475941	0.06508377902116681	0.06649232940034522	0.001009873836272272
765.	0.034408610048430543	0.031208205796300792	0.032511903667443484	0.033808718110445724	0.000947742665765711
709.	0.06860659811017822	0.06430349942341884	0.06577563540421708	0.06724584415797341	0.0010549647539751
839.	0.03279880295984949	0.02962499559469345	0.03093675912062795	0.032241387751110295	0.0009600162139635002
981.	0.07659340172979023	0.07011361672114724	0.07205531413572605	0.07399810861634137	0.0014138672697060922
812.	0.015239151559784614	0.012257428148914062	0.013170988972682273	0.014086162600815522	0.0006652048056894494
964.	0.009639029250392728	0.007246642954069404	0.00843812884804741	0.009628045077332392	0.0008668139139266703
966.	0.04382180079632503	0.037138031121775716	0.03841811734419063	0.03970248654155839	0.0009182793636879688
777.	0.06806787209060172	0.06173028712358297	0.06352631325916518	0.06531886319301017	0.001323434207248557
926.	0.037194177855913946	0.031191249253328834	0.032039841803420156	0.03289364790703497	0.0006254824688249129
787.	0.018533918853810505	0.014850671529146653	0.016130597937417595	0.01738733868439757	0.0009060089814434723
873.	0.015378638883666973	0.012871154128093587	0.014058065541307159	0.01523489661134736	0.0008572090639237229
748.	0.02566217935374071	0.023679989546640967	0.024511042876012915	0.025340304948477388	0.0006125269527084675
749.	0.00763261042292207	0.005599919532332853	0.006495288303146985	0.00738905595519912	0.0006498991609311301
1800.	0.026290088527516353	0.024258701790450643	0.025095520545591596	0.025931358443430197	0.000602199569987616
1846.	0.014276543420526866	0.012594316349172852	0.013387811330159176	0.014180318936246938	0.0005809307964029362
1833.	0.014107300416102753	0.010298939164952059	0.011584870602042283	0.012860610028754493	0.0009213965117915343
1515.	0.011147903888319877	0.00768609929944053	0.009139785495010776	0.010593009289338484	0.001043803723334577
628.	0.02535241662657195	0.020255489071501542	0.022585706920819966	0.024876108207870673	0.0017043209846416413
1874.	0.012421903291354841	0.010303609762674193	0.011307846448553942	0.01230972123263574	0.0007288715869954088
1704.	0.01811556774088663	0.014220660079017233	0.015194654940834535	0.01616551406906941	0.0007193108846406697
1762.	0.030037540519447292	0.026452252624805772	0.027625724322324456	0.028770548709569854	0.0008414751174871186
1888.	0.02934347383079572	0.024984751142366646	0.026800932606257617	0.028647180921780757	0.0013193300157599498
1868.	0.012522985305857492	0.010239395495120762	0.01117778900293838	0.01211424696368757	0.0006775775331197563
1518.	0.01982017491464938	0.015187134853185125	0.0161143941232895	0.01703890957591281	0.0006627308884972064
1890.	0.01177452723074579	0.009689076909693006	0.010677657180046965	0.011664309914733106	0.0007192582919507204
1991.	0.04478609716251036	0.020106836588681287	0.027037987411126015	0.036911595759243854	0.006157248805891913
1981.	0.06332714203902245	0.02500031785685053	0.04718032439629375	0.0691233120792657	0.015152308436309445
1987.	0.049394624168414225	0.03152082692195157	0.04618749485207664	0.07245261924343371	0.012607466293636124
1956.	0.006364427373594883	0.003859667866881744	0.004976806284706449	0.00607716657879398	0.0008178829711971183
1986.	0.046925668422412636	0.014776816405360327	0.02807794296074621	0.03975288451438452	0.007846075055137056
1988.	0.04450564253605149	0.01395900099120606	0.016855985783712328	0.022122855179041	0.0026147186821236994
1782.	0.06926814201883491	0.04392331615477352	0.06478568671012354	0.0880468822588929	0.01640041780171387
1983.	0.04154337337283531	0.026755649699116257	0.036928929973722824	0.05858310600279992	0.008626302997668164
1993.	0.03888166428553563	0.02405872378285112	0.036001142429298666	0.05567447815381099	0.009610686290782416
1915.	0.07954560548477707	0.05677309124573404	0.05985678642970882	0.06335183407406764	0.0023067126741600323
1948.	0.010920691139658989	0.008311001609487612	0.009504367941726932	0.010758163297779233	0.0008823976587593302
2003.	0.07901801699792499	0.06635091525952153	0.06883253153593927	0.07118869025696606	0.0017192863793840444
1954.	0.010904222970637534	0.007942177522057281	0.009376854072759455	0.010759095499970117	0.001003306224224704
1946.	0.008528988035800267	0.005951451947339148	0.007193769982698802	0.008402068135069385	0.0008974224977474534
1982.	0.04111549131572456	0.02372650452813041	0.03713490762593061	0.05903406523278798	0.011009031969769885
1995.	0.06023030647176142	0.021299957618753362	0.03418067492063164	0.05555369166829249	0.011020697580703176
1984.	0.05035492723733859	0.01970905860029437	0.032519265801336864	0.04744185099801612	0.009695506829012603
1928.	0.07108965491376329	0.06812171102849618	0.06960124883050595	0.07108500243793525	0.0010641522263546861
1997.	0.11010342070572343	0.0782338795748968	0.08101302966919227	0.08365032574095188	0.0019254290447069814
1989.	0.04221017383326697	0.019216437290888955	0.03431171095341068	0.057437142563800725	0.012805850833857924
1920.	0.061130599326683965	0.05654728716914381	0.057917808076860706	0.05920796893660929	0.0009599076928975883
2009.	0.0823498158600936	0.0641082014716613	0.06550757037496754	0.06646936458369335	0.000904386427887871
1994.	0.05288217332996992	0.01927400205191554	0.03447421840025619	0.055145027649217804	0.012656136632664612
2005.	0.14182432732957184	0.12107080935776682	0.12572368152059124	0.13097843082632188	0.0034530821784362186
1926.	0.06807976773855773	0.06481358962938988	0.06630210481182573	0.0677728635768432	0.0010697609213740377
2081.	0.06287230899809504	0.05790721646701813	0.05996579436683705	0.061977069027523424	0.001520146434496833
2007.	0.09282053138849655	0.08622937625213123	0.0892720697369596	0.09335921939770009	0.0023818622436333117
1918.	0.11786266342089102	0.09048070153126553	0.09376316471857495	0.09691127109417419	0.0023281264179123196
1958.	0.014028099805305616	0.011571996116024774	0.01272557462225877	0.013826103015353919	0.0008283399131869549
2080.	0.0793265609180589	0.06007930422520569	0.062196999621832116	0.06446704262653868	0.0015640231748346365
1924.	0.11863839597319836	0.09545079815470814	0.10024816968884336	0.10635533926212748	0.0037877592044269865
2000.	0.10857479923780233	0.10776208357592032	0.10816616351656894	0.10865488770142617	0.00028681810843701945
2012.	0.07290993051897066	0.05679368159157305	0.060108321830268124	0.06357171186902322	0.0024227982767974217
1945.	0.02419534248469335	0.021433159268018587	0.022351098625564374	0.023293950903700344	0.0006682410869501976
1930.	0.11288609087463519	0.08999892863509984	0.09347572679156675	0.09689416138405638	0.002472891097912437
2010.	0.1363623588397328	0.11045778745846813	0.11458151488606519	0.11943237668706252	0.0030836643109318496
1992.	0.04239807139958951	0.028371143780851593	0.03592883879835245	0.043261574622383336	0.005685523635521445
2011.	0.12894034183449166	0.106404338554563	0.10851174347545448	0.11149264072747367	0.0017040540808726395
2044.	0.10483445581074013	0.09744625532017903	0.10081422617782405	0.10351038865685491	0.0022577335045688503
2075.	0.10911489612690217	0.08879820379094439	0.09006967345805741	0.09251899785279338	0.0012596885768077217
2061.	0.10721963374084664	0.09102817213188985	0.09240580682285728	0.09672509673192853	0.0018803151081732254
2001.	0.09533963726039085	0.08668813149855681	0.08853239568998034	0.0901904140918901	0.0012674432605615262
1952.	0.0067653055453866795	0.004129644602726357	0.0054252540430051194	0.006694793175259339	0.0009244146431001181
1969.	0.0342131608385049	0.03161880419558405	0.03246695461291724	0.03331315629400766	0.0006200181452387443
2065.	0.09304447638453317	0.0784078833451366	0.08039945909827044	0.08393278403006377	0.0017842042072543532
1979.	0.033826147284871766	0.030378409708880505	0.031208664097125454	0.032039175777263784	0.000606045931915389
1968.	0.03494574458619959	0.03250751010418651	0.033420830907755904	0.03433483240291335	0.0006741233190723244
2057.	0.10676412005432623	0.08491208457904686	0.08854740681388082	0.09368970089681994	0.0029801877905021746
2048.	0.07382950598579363	0.07003589673297017	0.07140336612569231	0.07279167580158896	0.0009915564377472503
1999.	0.08960072545593467	0.06893234206787935	0.0723881986879621	0.07659039698986325	0.0027650626616650773
2053.	0.0682517967065025	0.04872546480900197	0.05150581803058516	0.05494681424520298	0.0021701798124180837
1921.	0.03804439899370171	0.03380621766911984	0.035643970303380915	0.03746253462032456	0.0013288916789265972
1975.	0.019788650404858	0.017529508821368278	0.018424958660501006	0.019319725491435902	0.0006465380266324845
2058.	0.04359177557200877	0.03781554198548176	0.03974173961636243	0.041667687793349395	0.0014177300316104665
1971.	0.02167777714693586	0.01942131819551529	0.020244608075091267	0.021067077939927015	0.0005895066314170733
2052.	0.10089745123976912	0.08059506052827337	0.08198864200121754	0.0843310102342073	0.0013339677704214785
1951.	0.01240425775516063	0.00958472213627204	0.010928336865906187	0.012322542710767936	0.0009894430747393172
1973.	0.04377568170400603	0.04120810764171923	0.04209053193084563	0.04296689856859692	0.0006291026546628586
2054.	0.11882475993995445	0.10557665107389347	0.1110548620804037	0.11727414249053836	0.004246875721992691
2043.	0.13181012916901746	0.10150470177729431	0.10523209479074967	0.10802725685261383	0.002502980866187108
2045.	0.11899565641578036	0.09364464727589328	0.09567819360609126	0.09712017771086923	0.0013113533104645936
1927.	0.06260171173999662	0.04799524182754478	0.05055470224676349	0.05310834792879082	0.0018290031900757339
2049.	0.056496588401735104	0.05395926548585239	0.05502487442846187	0.05598068079011187	0.0007444968893942904
1959.	0.018776080292812747	0.016494823689496285	0.01745333771194023	0.018422102529116247	0.0006929000569697429
2070.	0.043135303951693404	0.03866814970147869	0.04044878267682821	0.042240546790584976	0.001277869923607317
2064.	0.10252987476396147	0.09186652543872698	0.09346148653429291	0.09706776020870023	0.0017768998158416954
2069.	0.07604812926322269	0.05894766338949242	0.06329884738266736	0.06863413851783728	0.003355239273702424
1957.	0.011318612638455683	0.008842333798057433	0.010061129815075549	0.011279836487836148	0.00089371640552883
1977.	0.02290224146285036	0.01998140564269224	0.020894769784019537	0.02180911665083307	0.0006712555650681241
2073.	0.08698000759598257	0.06338455960706002	0.06599854771674273	0.06932813203823596	0.0021073090996481083
2079.	0.047470519409967715	0.041472187233572266	0.04278042358011646	0.044104389726118076	0.0009552041252107895
1923.	0.11011585794750578	0.10470473966834715	0.10933915379210646	0.11262006714918704	0.0029377988796706295
2004.	0.03838250656039521	0.035362858551580056	0.03623986571335373	0.037084150945308925	0.0006190290468863021
1953.	0.013058663927733027	0.009782003259738326	0.010954160797716864	0.012094464239115088	0.000852539538012256
1947.	0.007523294734949615	0.005052787701503414	0.00624336701221023	0.0074333137382172065	0.000862418517486037
2066.	0.11076520612776364	0.08996470634155429	0.09249874115898847	0.09518287550421722	0.0017192812190130408
2017.	0.09210224124504607	0.087428918109832	0.08825763975667468	0.08906849408406803	0.0005982165587529591
2032.	0.14998658713691426	0.12845678790370862	0.13104920051368665	0.13419951685194031	0.0020788300853454237
2074.	0.10881854925601608	0.1033603639567946	0.10817623172229521	0.111869547289974	0.0032915489087734203
1972.	0.020967565371695418	0.018642531414912678	0.019466868389267377	0.020301605536600098	0.0006076314264471863
1998.	0.15003351321986547	0.13742631972779407	0.14317509738775	0.14974918521908476	0.004205914575973512
1978.	0.029289154912309434	0.02605166694424088	0.027151288317513757	0.028250158354652277	0.0008017599595341677
1917.	0.09851582072998477	0.0796787798759786	0.08457951028975033	0.08977734199295728	0.0036450589044185336
2037.	0.05649639819922281	0.053813897606729943	0.054828102977090586	0.05585162210409145	0.0007324208428724078
1929.	0.16372446902904259	0.1443927722379471	0.14717647528941993	0.1503981479940092	0.002117294383012297
2039.	0.12518867542561218	0.10322797364538405	0.10663186385739505	0.11073070314852695	0.0026568016500284645
2016.	0.11742655498716248	0.09719867761364576	0.09855518774024906	0.10010473525199792	0.0007490889409601928
2006.	0.059238482862338904	0.04769387031925443	0.04957065167205253	0.05143635618889819	0.0013762453001514967
1976.	0.03428317199638764	0.03204186801620479	0.032836630099214774	0.03364729514542253	0.0005924201905202773
2015.	0.1177942689934054	0.09653272287631809	0.09808733313283105	0.09934655273660631	0.00102113286459299
2027.	0.0997539048384758	0.0904426818691495	0.09217257659690076	0.09519903878797875	0.001613470202887877
2038.	0.0638181043519429	0.055757244120603344	0.058904372775263135	0.06197706978756301	0.0022500477585313807
1922.	0.07771573130201559	0.06373828490662947	0.06493435240088158	0.06617716420558639	0.0008946767299153422
2023.	0.08953229724110834	0.074208094363575	0.0765585875651022	0.07904345491416254	0.0017541380936555398
2022.	0.08826695136618912	0.06468171731629835	0.06715701132328551	0.07008862597767107	0.0019406182791893087
2028.	0.09821646982187116	0.07590743634805852	0.07889144168309196	0.0829574467542683	0.002458179867751776
2034.	0.060239451851607395	0.05073147682705348	0.05186451524817051	0.0534117705348609	0.0009491666163844274
1916.	0.06914876560898808	0.05364470953873035	0.05533105372555196	0.05760999344365425	0.0014195853310703201
2021.	0.05520463995356406	0.04624978566475568	0.046596037247092804	0.046957188974689035	0.0002549495558974411
2033.	0.0912967131027913	0.07553259616910124	0.07680262795154935	0.07868247827220409	0.000981031693352841
58.	0.03020180731544564	0.024510178555584572	0.025833597942997222	0.027140993572074	0.0009411001887728609
57.	0.03514457999711884	0.023862162579258772	0.028716487910965132	0.033524236969997734	0.0035220484998381117
62.	0.021637437915002278	0.013513940942531999	0.01599389187048818	0.0187327112788106	0.001760018333037806
165.	0.06889513647353451	0.05898536835055046	0.06341668625339195	0.06767513245378409	0.0029451166274960926