Case_No	mismatch[standard]	Min[mismatch[fancy]]	Mean[mismatch[fancy]]	Max[mismatch[fancy]]	Sigma[mm(fancy)]
163.	0.02633259149141831	0.01128487217171048	0.021025353979306594	0.03943253847463557	0.008176780130442988
161.	0.02092315772510267	0.015504695997021534	0.020366147554059633	0.030667839695537102	0.003836941034529195
164.	0.017129009954723884	0.011767470449185913	0.01990754672188267	0.05808456816522667	0.008533036648264809
963.	0.0071216358125584245	0.0034657939625385437	0.07904507501971832	0.570693741429489	0.158954551201921
1129.	0.005825245540642565	0.0027890604988365375	0.009802584284202094	0.051948383418065736	0.01137729420102738
1217.	0.06739516544069246	0.044961377358432864	0.07514870924144758	0.10002996359443816	0.012528128662679702
887.	0.05305845185635716	0.02479716854191194	0.041400030869232066	0.07448077376159035	0.00969095321906557
1189.	0.019492037390181016	0.008268201092994754	0.016989730519539593	0.040632153732672704	0.0069965118699796035
790.	0.00847997379443366	0.0032726645330244386	0.009947071545051065	0.03393355067003778	0.007156785708514839
907.	0.0043857872268568965	0.001938487266674338	0.020475473253247372	0.11254829494394869	0.02727202217967492
788.	0.02687686616671381	0.02025022646744823	0.034287515982685195	0.05182778955333822	0.0071353608931149
872.	0.013768269504827457	0.004365097164865439	0.01348865720219901	0.04501284764301017	0.009329074267723012
861.	0.006890515722866919	0.004147793206478956	0.012584248616932822	0.050114008665633314	0.0092675909031017
853.	0.02247854563521734	0.018532000143314686	0.02766672399542866	0.04853078827712387	0.00826360912866739
767.	0.006242132257370248	0.0037279263485697767	0.014767003850446684	0.05222583867800801	0.012708587187000051
841.	0.006222746971136339	0.00392044296762728	0.014315514895355638	0.04661056516443851	0.011512975479152237
1205.	0.012772607924891544	0.008994895763925204	0.017287876004916436	0.035103167311885564	0.006716958184689443
822.	0.048814430814228094	0.031910556294590275	0.05315472685178986	0.0721241900436983	0.008901367600816758
935.	0.01053262945658795	0.003816170139545827	0.012534197091404695	0.04933517499788431	0.010588487940731245
927.	0.04921309430490739	0.03873564369194271	0.05609503076202152	0.07971347542945417	0.009987034222057697
897.	0.020272593243858772	0.014081195512692712	0.026444307896619428	0.07682792504926894	0.014845636153533912
793.	0.008497526487322493	0.002608525234945702	0.00966607178787263	0.04098994823012292	0.008054852638941035
803.	0.02696708182335472	0.013121050505543352	0.023529639033905887	0.037804531340320024	0.007346183073648678
967.	0.03685787348445135	0.025037039056546972	0.039775508289813924	0.06362235941480987	0.009449749859453824
925.	0.017144956461561334	0.014554457219054684	0.02388312799176346	0.04384446849312329	0.00823589240358203
965.	0.03866173337166223	0.023380952723246917	0.040404479682961604	0.05989435305832347	0.009070787144633673
982.	0.01237325711060877	0.00697723525805094	0.014011877339861185	0.037809290948962126	0.007948920220384268
876.	0.024345856845643055	0.018204237243631738	0.028418672903381195	0.04758571582396476	0.008058985929359486
865.	0.00931125467321725	0.003685527474058259	0.010552065444513224	0.022984739903416762	0.0044257811452066255
1188.	0.013170708529651298	0.008982994460880245	0.016891548424414288	0.03894285068449066	0.007062907563067161
856.	0.008505670929720544	0.003368035432496308	0.011756777520759602	0.0337015836563721	0.009045926391642894
764.	0.019272496946107776	0.013624373825082081	0.02332056235173656	0.04908592622827612	0.010816438407286768
838.	0.018058733890694456	0.012420532142915608	0.022945030440772247	0.04929724871959262	0.010905650343237192
786.	0.025393186582727156	0.0066125671615615556	0.013358663718258825	0.0210621885137946	0.004224415509628202
874.	0.007517182921169541	0.0040288050502396144	0.010707222216300398	0.03257792461181541	0.006962696867649081
863.	0.04509001107458588	0.020523184913823767	0.031411344154205885	0.055091092513539275	0.007826527538049305
855.	0.012837025685178749	0.004222221167057949	0.011024514521668022	0.02961548030461847	0.006273964168154776
1195.	0.013783976618058746	0.007112757534039282	0.01501244845074077	0.03636602838622083	0.00865491403422962
3.	0.006057626751439504	0.003134341626555459	0.008453154193338298	0.03251859640037236	0.00752478248947156
88.	0.013437236862897328	0.008592330430373218	0.011788284451064937	0.022685288651200675	0.003489337582731522
1028.	0.012623569984503202	0.007386580968850365	0.01823724620887231	0.0642797211933519	0.012769537086510513
1053.	0.028980702466318564	0.0087334943374896	0.014933251481531077	0.021690955636282316	0.0038834162589262487
1067.	0.014829512823308466	0.010079195440041988	0.01932272321631705	0.044591824810339076	0.009268000511049727
1006.	0.010019014867597154	0.0025240528510805937	0.0189350381979519	0.1008090445773655	0.02474415898521505
1048.	0.012499718496098433	0.007498115571510144	0.012612717542174865	0.023561325949380763	0.0036402389435329268
1079.	0.016637740606125218	0.011197626722794563	0.01764873979134379	0.030398521045525873	0.004385798513203195
1049.	0.009243451345327225	0.00462815277880646	0.011508960406769967	0.043835769068495956	0.008768126286151522
1035.	0.013201523464413056	0.007536708770858436	0.013173014632094207	0.02237131102710055	0.0033775190617072654
1066.	0.015070299815130639	0.0030408652917126577	0.012360179129840831	0.03905740654360523	0.010569719284628753
1019.	0.007138915172849369	0.0037416126213133394	0.008735138072304794	0.022527092805963767	0.004955087275651917
1076.	0.02226499224082734	0.010086695101749754	0.022055710804908313	0.05923780035974324	0.012693411497723996
1086.	0.0063821148414723305	0.0026100933421548955	0.02257692437160481	0.1480600957023136	0.039655897354893575
1071.	0.007575491225221942	0.003617106276010418	0.01471681001079449	0.060500262868614096	0.015309036383297768
1085.	0.013177062438175513	0.008479947835768331	0.01676117913763469	0.04849745425724494	0.009732421675137352
115.	0.0045768283673971455	0.0014268726005398635	0.005692815601768457	0.03140098003001901	0.007119445352847424
632.	0.04576642405938214	0.010910700817759134	0.02503567265104435	0.04318599652568289	0.009575212329663504
117.	0.006309043445110629	0.001142713364350345	0.0059638215416916345	0.015812272350072987	0.004244319664995565
116.	0.0036923148763314817	0.0007601965873248462	0.004829562957355286	0.034159840695901056	0.007951803200638043
1042.	0.022544709721858847	0.008591606282629893	0.0193077130945077	0.03540924690152614	0.006946675440210701
1078.	0.02805421060681912	0.016319740319821197	0.027844566083223922	0.06328489747112032	0.010145387383347136
123.	0.006427806861583951	0.0013000773067652904	0.005330422316218207	0.028878098717743717	0.004981784043396061
1045.	0.009599218968044387	0.005026515034754153	0.013492226442475256	0.03421371536943851	0.006495714595207161
1030.	0.0032113744345224626	0.0014089302744230148	0.0246949079248121	0.14626100897207572	0.036986050978505956
623.	0.141488636998241	0.06861233527740229	0.12655800365688652	0.15150258235176395	0.02019931651961085
1065.	0.010773026588370316	0.005721152966332577	0.01185748952252476	0.029692001225411713	0.005831188967064083
1059.	0.006202765641596497	0.0031637701076451252	0.011567652303315872	0.04481367308646589	0.010379669809953512
121.	0.005980690520041909	0.0021442613124810217	0.009566736553328459	0.04034359589639114	0.010057515105002869
118.	0.007272522212397159	0.0031080467119852795	0.01068101410228899	0.06264140743686197	0.015257646875278695
120.	0.005744170190910114	0.0015068507994232538	0.005562402183270222	0.0232255909565946	0.00448404389386214
119.	0.004887972605517765	0.0024943037188065453	0.0076164144849950755	0.05586250018212868	0.012119316792468797
1027.	0.023966078453765527	0.019139383344592975	0.02778492303001916	0.06531492734869615	0.008661050583883438
1012.	0.01963847488764381	0.013986380720033442	0.02234758385994711	0.04041551779063024	0.00723149297263925
1031.	0.013936914888217244	0.010144939391584007	0.02107219283589318	0.07764080210291013	0.013343578235513433
1033.	0.04124318260405102	0.01538892573653694	0.03398303135867345	0.04953456598755157	0.00793901755826967
1010.	0.02890494227751983	0.025174887217999764	0.03825678830826738	0.05421314252298526	0.00797616179524033
1018.	0.031177742222644023	0.0187273783262365	0.0261539974039302	0.03862338795796805	0.004518881624537704
122.	0.008904206185549213	0.0020344070123927693	0.004630065370763979	0.0139688099418811	0.002553317961130532
1056.	0.005285195461883996	0.0026231090043503658	0.01820202179315696	0.11279494029562931	0.02809099004795623
1009.	0.01339613252101568	0.005722131944279618	0.013478998700324893	0.026830322372466853	0.005442346079476042
1008.	0.012935162303234438	0.00617936642109207	0.013567419372197798	0.029116103753466627	0.006796633607425764
624.	0.005420787831249774	0.002930590986514381	0.0255862002803165	0.1487420980642975	0.035469426170566525
1070.	0.025024771222986852	0.017167688572661266	0.029839700980431712	0.05532984731281487	0.010822003267297976
1022.	0.0301495712342692	0.007750635387041238	0.014708304687587206	0.03283091797736515	0.006598482212458962
1000.	0.008123977640690616	0.0037288388841211217	0.018340810621891315	0.11459704369515655	0.023619051561046742
1036.	0.01051242326915347	0.0067997771614110025	0.013079335074971256	0.033895577210356964	0.006851950238056253
1023.	0.01510108802398713	0.007180943871565426	0.010590966082129335	0.019671544748200986	0.00281669612303261
308.	0.014148458375246031	0.0036806625855396735	0.010685184588648604	0.03266015752588847	0.005494216663143725
1020.	0.015234071004025629	0.007975179112044595	0.019565908769669113	0.050672406030247474	0.010640855790231602
483.	0.015670689625299605	0.00730205827273267	0.015352914360727372	0.05261855345780797	0.01042651775081718
1224.	0.010275779477113778	0.005501254979145109	0.010606748091349923	0.029661668549776365	0.004759240328612357
1051.	0.023534923800756502	0.015618702405516993	0.02881398072362829	0.06020358532532388	0.011495161538298635
1005.	0.006914863232811985	0.0021802872925581473	0.007618586702049306	0.021646348417659556	0.0049465706069945535
1041.	0.015775781612437867	0.011933042768769053	0.021415071018903935	0.03796955609643804	0.006512672806019109
124.	0.004824120881532501	0.002025381872641785	0.006364642175582424	0.036450617302169475	0.006949839690864667
1029.	0.013234498228124836	0.006942571664453556	0.011022347460870803	0.019604689300869782	0.0034210296521780584
125.	0.004530768030297838	0.0016337250305251683	0.00668574316454985	0.02815557751833797	0.006648673436052659
126.	0.004853980553321757	0.0028515946854381635	0.008665586905803834	0.028695918224844186	0.007225671829998829
1039.	0.007969887719144197	0.003789723964669367	0.01819238488920082	0.06785786810072558	0.017802164763742623
627.	0.03771341283183538	0.004185164956329479	0.014745753637934162	0.04702587945304426	0.01028555227143001
142.	0.007599877471139216	0.001160377063635254	0.005936847872453703	0.02053427642534189	0.003937335925307027
143.	0.005144607298304127	0.0021045051291326278	0.0063116894518957896	0.04465333131988425	0.0072887314927439755
144.	0.014613478455336226	0.002499510899081958	0.0054698678458287835	0.01758114471021588	0.0033984040216533938
1087.	0.006733338027436808	0.0019399104132017397	0.009499815824717203	0.02810586039863594	0.00803373984885296
1057.	0.009388851264015452	0.0027650922111939202	0.007011180456612452	0.019040211149156883	0.0037676587339518144
146.	0.0056702342596454125	0.001183270379831458	0.005404170636346993	0.020596925140445976	0.00445414153294858
1077.	0.00872277804997812	0.002301379276083426	0.006889888788958811	0.019545920601238942	0.0038113074772808163
951.	0.030046155898342586	0.020323446041171644	0.0432019658959953	0.06477693134888773	0.01085612418385508
771.	0.03798390432407028	0.01480719254021845	0.02470152353920548	0.05395488894692679	0.009831930900556068
956.	0.08027330099513608	0.02387739209388029	0.04894757378369517	0.07253308694036875	0.012700967191866917
949.	0.025787935112910998	0.004995207361512377	0.013616158034229156	0.024718516239873978	0.006224371092409534
716.	0.13110868798648434	0.035703460741021265	0.07218660895963096	0.10518111971418087	0.01615425988462528
758.	0.0416697947696163	0.01555177247087769	0.03288541454770079	0.07372408760094962	0.015206517558530789
974.	0.03430067407739801	0.011165010615981963	0.0224993169153235	0.0363737510426434	0.0070205130405084646
732.	0.004626952392466577	0.0027716764771299474	0.009413667290870686	0.0353123381474697	0.00872361220268732
739.	0.009976940642256293	0.0017739734283795938	0.005829557071635937	0.017881074803698827	0.0033044292462414723
915.	0.031157002239591614	0.014246708335841296	0.029077880055262413	0.04828224562142269	0.009623714596627106
989.	0.029910493457836362	0.014805578892225002	0.028691285896151417	0.04829714249728545	0.00962240510942991
1200.	0.15616883892012812	0.047764928378272176	0.0922563166883857	0.12662880054578918	0.019688027628484213
813.	0.05813165627432759	0.018348131129813927	0.03775243162732409	0.06970546863281524	0.012490648675452055
977.	0.0337680572475606	0.02069774684102388	0.06081616373026231	0.09768231600531263	0.019758395018327355
721.	0.01354896653699822	0.004590858571082546	0.01476321156620102	0.03500452118214181	0.00714965427874408
751.	0.0065662686415822735	0.0036011562173415834	0.009315481996839833	0.025613960969141147	0.005582871178412793
918.	0.0149359157423965	0.0030484143750364456	0.010432102805014146	0.021910365411430877	0.0056928626904303534
840.	0.07175094776668045	0.042940169600365174	0.06554829384156576	0.08971651080795007	0.010643641539521518
740.	0.01735113268361055	0.007845145832696243	0.015187154289332141	0.033483147379135936	0.005143097482894383
890.	0.01127709832982604	0.004050882590859284	0.012095561416655333	0.033385357468752264	0.00724988449056279
842.	0.026739243046329575	0.004414444703064513	0.011400448932182302	0.021916041831499644	0.004376412345730335
722.	0.051465908033683117	0.028338808770846824	0.06811236058136556	0.09320922899892281	0.017522826211302606
910.	0.045922819130917	0.014330848811215935	0.024743087778793204	0.04015323973352669	0.006699488409003649
942.	0.032050715788222606	0.0070585295039455875	0.023574827653553013	0.03609317689740721	0.008603331464847748
992.	0.013733604483038508	0.002978219626969425	0.01047667807478151	0.022709522868206267	0.0057094989055041625
1194.	0.018092204983704674	0.008625507977211955	0.022086830819644736	0.04367850051696054	0.009539254588176881
717.	0.034561484044457136	0.00985945484530315	0.015820174532038146	0.027321400936347717	0.004503062471171119
1207.	0.0235033104169885	0.006565773705203837	0.015432886135813985	0.02869249488370129	0.006346744127308036
768.	0.026130702925590166	0.004510396770180836	0.010980970419259262	0.020114736605816197	0.004104709004360517
944.	0.013872140691507662	0.00820651030301256	0.012935829157444038	0.021048501221972105	0.0034260298038819026
934.	0.0775116209238822	0.030674266551041662	0.05303851636103451	0.08692449224027865	0.012211181308786088
766.	0.09025857390877412	0.04130415928903419	0.06482708290043815	0.0887020041929022	0.010499882518961938
778.	0.011527870612570879	0.0035129552874140213	0.014985270091367176	0.039301589355183464	0.010027531378262367
796.	0.01259680426722376	0.0012850760090312718	0.007056424948348773	0.018139518627360407	0.0040710203110242635
906.	0.058726321535107595	0.019663954468819522	0.044416285248446465	0.07687850695668674	0.013920384364951587
888.	0.05423820162520632	0.02815235061641408	0.04890526025358712	0.10367605674508074	0.016930571843213154
976.	0.02464798733887874	0.003508962309812347	0.011273145121205055	0.02451508166107652	0.004703266343692463
821.	0.014996469408671498	0.0022660159716346717	0.011172522922796089	0.02432541820845291	0.006058964841544574
900.	0.03357620507173653	0.02560770618250896	0.04290025661418107	0.06600200492359787	0.009109741614874189
710.	0.013532583773793738	0.005842828009429701	0.019488556888242477	0.043767612676988144	0.009182498790937804
830.	0.013068567986016633	0.006059960436599066	0.019147755638730047	0.045430707711572316	0.009200631370725508
908.	0.02089623664581619	0.003664329168453273	0.01735265393902969	0.04295799907874531	0.010156883598644518
806.	0.010490165125634499	0.0024337837089466463	0.007491923885315784	0.014853631478820017	0.0033993785647103347
886.	0.016497231330833362	0.013670881666130175	0.028951998968563552	0.04429380880990619	0.007588963985799355
789.	0.05789092461713885	0.00447094587530672	0.013431203075067934	0.030704779021999085	0.005906561479360022
943.	0.09141604872493359	0.042718666035260866	0.06101062496220446	0.08962251033258317	0.013544494645264917
798.	0.029364074313451227	0.004280420343337643	0.012623152448796523	0.02692738969103048	0.0061882955773060145
958.	0.012598838129502465	0.012478033689646395	0.023376033243482346	0.03599752116094279	0.005602708953495877
1204.	0.040698215403358384	0.010312373607739067	0.023193090024267643	0.04449683969020424	0.010306025057641494
991.	0.11890118475910993	0.02933898550995906	0.059494476715329314	0.10100322011412233	0.015198151422945854
928.	0.03736881036389261	0.027307834661175034	0.05722503253905653	0.09405019191045594	0.017273084328618255
896.	0.01614848308508643	0.0034248187322227786	0.01025369675917737	0.02580193803672548	0.005692961688969749
968.	0.0655706665774517	0.02402985561727311	0.041590666450224675	0.06840640301773604	0.011822574181708843
772.	0.06461374286640797	0.03342813155882407	0.055658762139073135	0.07313068278378887	0.010192060929879562
791.	0.012729135780372602	0.002268446728173945	0.006470366376284905	0.017157965991558166	0.00330952186892406
917.	0.1173251112327075	0.028863133436514588	0.05928467932619715	0.10028995094848359	0.015140081227423115
780.	0.043460638191320955	0.01185710005957763	0.028514388980805026	0.04735029437964344	0.009395148636279979
898.	0.02797046381078705	0.01332458255307456	0.03106386331385162	0.06797948075498572	0.013928982395961072
804.	0.05479033688452184	0.005064469516447345	0.014928643773652864	0.032366156241899646	0.0062953489318113565
731.	0.019777013265403043	0.006921320113014828	0.01588761939880662	0.04002052277738932	0.008850149460467829
814.	0.054915376364021995	0.015263996163840221	0.03725636805118127	0.054149699559624564	0.009752261966440029
808.	0.02703965555016108	0.0018663765954035627	0.007408793264247114	0.01864237307768024	0.0033765406513675913
757.	0.007526024273913912	0.0054207362428752015	0.010627365712910055	0.029846679975521262	0.005770769562086073
711.	0.01956016672910632	0.005339437180983286	0.014030955984689739	0.02824362171011985	0.006647598648083772
950.	0.05517443320269333	0.013560034479479732	0.02978362875864571	0.05302991853205785	0.009492724291113567
937.	0.013964289206313318	0.012498056334167451	0.027942111777872338	0.052480380035274554	0.01127352814308808
794.	0.01253817843613747	0.002419409791042604	0.008343403225607525	0.02304666841147407	0.00489143632502774
984.	0.0337394102034041	0.008951332355957131	0.020058254637835237	0.04060743663266364	0.009398095281817204
1215.	0.045646419963187856	0.03287207069156772	0.08416599272756309	0.11601327796157501	0.02254741047681686
820.	0.06626103391551053	0.019657511423309737	0.03613466242027538	0.07034780975879684	0.013190605997620798
957.	0.026340155771143015	0.00604742047964979	0.016082807927392133	0.029128750355915334	0.006620613860882739
770.	0.010771095305676992	0.004351481513772848	0.011739737085310599	0.0224261352597781	0.0061229929699261046
1193.	0.10290828209400116	0.03966565311862491	0.0795352663305402	0.1260769349397014	0.01809578014228214
1197.	0.020867090645246944	0.0097271874222985	0.019561590043448523	0.03016893997560499	0.006048623764226419
752.	0.013723771490138037	0.008439034905482257	0.025421778810279516	0.07216727932739242	0.015612996540334862
936.	0.017882172854136402	0.004514000271538587	0.01080979809023672	0.02608825222475253	0.004577147318586655
720.	0.03245915398202959	0.008269504863398947	0.019290263839664597	0.03787006860969222	0.00888689720775866
924.	0.015676661753684207	0.0029044049445483555	0.011499190050186894	0.03028868329352663	0.006927719339055274
715.	0.02740740536336439	0.006801338885063846	0.014680928266840592	0.02624624607065884	0.004916696497589703
983.	0.028288692069715737	0.00802247407796186	0.015937400287214597	0.02815194056846937	0.004901631054117396
823.	0.0726925422302308	0.03530180188764387	0.06206242683859243	0.10083826348295288	0.015738461987687722
829.	0.08275233891873324	0.031348766595529654	0.06231292214198423	0.10848945862744885	0.016322924551939105
765.	0.0460282897748594	0.012342643724506663	0.02555201308511376	0.042605680683956315	0.00620790110892345
709.	0.08525048481631148	0.03226011975265142	0.06270579509837304	0.10797979344409703	0.016323145853281484
839.	0.04477771806932862	0.01256427406269034	0.02500237382917356	0.04108037387698393	0.005860804627629844
981.	0.102890801899167	0.04703621390533985	0.06764097580989434	0.10103038739609482	0.014226703982164888
812.	0.011272969706729974	0.0028832230179257623	0.009545080739493193	0.02760910673014738	0.00596654327614524
964.	0.011731194378633791	0.0036598306129058678	0.011568607348623786	0.0334853188903691	0.007523366696797782
966.	0.04481590106977651	0.01802330131779739	0.036808560781815526	0.05286752122630234	0.008518861404948227
777.	0.09439749444611467	0.04357557176270943	0.06314880535412995	0.09372074037350542	0.014272718569057643
926.	0.0538131886734895	0.012550366994127149	0.02749228511977226	0.04169041972698573	0.007695072075842953
787.	0.030151869143297594	0.0014920984995806519	0.006799432525445591	0.014375121291122173	0.0030274310437856766
873.	0.021228213995267864	0.0064383913566393725	0.016297076380518773	0.029198053143783098	0.006587802928834351
748.	0.021320919984936793	0.012924181515777788	0.028164640159801173	0.07081846822320703	0.01576777356866787
749.	0.006366933587589219	0.002816287574451515	0.009206173787834858	0.029265918045973338	0.006211665063025333
1800.	0.03595155259454397	0.028682064209506697	0.04018113689052875	0.06856374951819111	0.008901966154423544
1846.	0.014592475432602448	0.013095960932922646	0.017560672054110354	0.03469854619629298	0.005315185877528594
1833.	0.0205123885243802	0.001758304413777112	0.00751907540679423	0.01589388572295347	0.003767122100203257
1515.	0.028545052776940638	0.0014314546133763484	0.005491933863786748	0.013655327963474573	0.0030389893300809224
628.	0.03113209260556904	0.007098358892690837	0.016912257109450664	0.030257950997224503	0.005682922061121448
1874.	0.01599575769681849	0.01111820836291022	0.017117320508703498	0.0369231683647534	0.006009573438257408
1704.	0.029799840983960046	0.005344830486642582	0.013520552104244087	0.027252412589783948	0.005591616395348816
1762.	0.03778493032269137	0.003291548051604809	0.010625875048480253	0.022666234600897117	0.004197670089180361
1888.	0.0257691079284581	0.003992993142378332	0.010868785827527164	0.023203877441417498	0.0043535168735455
1868.	0.012697955508715442	0.008750831079618604	0.01574828797425722	0.03644453515370549	0.006765254617933105
1518.	0.01903183238193995	0.009825217522774432	0.0163789006076097	0.028080146603923994	0.003928447459136938
1890.	0.01637601289704549	0.005945989310594091	0.01098371974659596	0.020743696473236817	0.0035102832680936904
1991.	0.01156929400114437	0.0012085084031194793	0.007224207377491793	0.01775441794712662	0.004341489827274798
1981.	0.03799551568410431	0.004489286573153506	0.012700751325787013	0.02760944401872556	0.006704766565374721
1987.	0.036419133739459264	0.00259629095041658	0.011789450618517314	0.02381140604478227	0.006343778624550136
1956.	0.007154279420822474	0.0014137105530087624	0.004423127899328154	0.008414540988594177	0.00198325504157935
1986.	0.04547950998096073	0.0018146844838951015	0.008694123219066747	0.018647361428957288	0.005700331952894732
1988.	0.014225749596883053	0.0013294394216545324	0.00951860400741238	0.029454442998496422	0.007328241366190871
1782.	0.03508100099893552	0.0076378303049137175	0.011623540678355294	0.0201957112938832	0.003361574252496215
1983.	0.017696407054303864	0.0013206856589265126	0.010881029803933365	0.030971094463360438	0.009189789296087826
1993.	0.012743811187729381	0.0029690761938786503	0.010387667553669024	0.02787051874438129	0.007082373127752847
1915.	0.04301691777937544	0.016570120469501903	0.04053569921472256	0.055817156861370565	0.010627116489492723
1948.	0.010536050622307891	0.001355245072777067	0.006274396565828846	0.01443268003039977	0.0032455916708270553
2003.	0.05520644792993523	0.0079272436172233	0.038635651432925334	0.05737803426068533	0.012636481224403508
1954.	0.01871712855022778	0.0019345769901022436	0.005990578864403734	0.011876640228557944	0.0026211409367051077
1946.	0.019106075894635643	0.0011242502897981232	0.005051955639393197	0.010544197982238046	0.0024201956055509323
1982.	0.015215986649820046	0.002564777464891921	0.010646826205824337	0.022395454789461366	0.005982346120350589
1995.	0.02891292246322541	0.0011270007262722537	0.00996543530142314	0.02575395431502059	0.0075776449663432395
1984.	0.017850566705591375	0.0015638384081769763	0.009924195011830164	0.019479558490294147	0.005767479730847336
1928.	0.03107561598701658	0.011099229520487586	0.04132891699308403	0.06288067477324177	0.012091096166875648
1997.	0.05679794065556221	0.022600083083592515	0.04680776915725318	0.07217020623724502	0.009560946672588853
1989.	0.030674122899338796	0.0017972956473105706	0.009342752373205027	0.02232261328742069	0.005560608369241395
1920.	0.021491594935681202	0.007330421614229143	0.032677464307512956	0.04844818381328786	0.010142937346067197
2009.	0.021676844322703448	0.017691457227453133	0.037154059382905044	0.055332942922157624	0.009545032461066482
1994.	0.015644679515435134	0.00415050847843601	0.008383030032188842	0.016137940908907078	0.0032566755113660026
2005.	0.10585917063087769	0.01574709117850359	0.055002995524018376	0.07822704027681027	0.017151134852842434
1926.	0.054427732882090574	0.017419321605684268	0.04307420720713849	0.07336384383096606	0.01220152935902891
2081.	0.047604926706149686	0.012713428204636168	0.037451524138420296	0.060723625042749974	0.010684457252787454
2007.	0.1228891908733466	0.013127258714496048	0.053673076605695744	0.06869127960278243	0.014513384744192089
1918.	0.11569914791400171	0.032755818836116335	0.05401071462971739	0.0698394491545492	0.009691163113216331
1958.	0.008586279316969314	0.0016252765862289076	0.007575788609078228	0.01585265299055838	0.00360813669191478
2080.	0.07908063842713464	0.019083523945661818	0.036552907304791354	0.054471819723289294	0.009030991699558307
1924.	0.05573018074712155	0.01627104509105537	0.04645881723272821	0.06968272383164831	0.014188660461688238
2000.	0.14429395950515467	0.014994454356841658	0.050731342498840745	0.0731946093994501	0.014214983169799765
2012.	0.0486055209224302	0.017372401173308627	0.04247255863883115	0.06790659379141273	0.013589411074802823
1945.	0.043273023221465645	0.0023495051803824607	0.010014791060513426	0.021310470473888676	0.004622479221549566
1930.	0.09458247568232436	0.022064453841153187	0.04111352504687341	0.06544607686958492	0.0104678196030615
2010.	0.12442969409857074	0.029359270279289973	0.06917538552684926	0.10246093175529525	0.01584425855108312
1992.	0.021374717490369566	0.002886474602046163	0.008900304227439107	0.017014294919077022	0.0038891849737736645
2011.	0.17661858054453483	0.028118575170388294	0.07060031292083445	0.10299314036989726	0.021579009935840027
2044.	0.07801460896798496	0.025478078981568952	0.05681691172621165	0.09072943666873079	0.016722567083368816
2075.	0.0535584705737665	0.030186894735432013	0.05052692849637375	0.0662545714249485	0.009480161837845407
2061.	0.03749044664827661	0.028369500312789064	0.05049852822139701	0.07385087092462184	0.012145612289012404
2001.	0.09555554643255548	0.010742584579051084	0.03976796862823274	0.06483547853474447	0.012516033321509015
1952.	0.03813889722790653	0.0014560447061333637	0.00437559075210462	0.00861640357870852	0.0019229158983500867
1969.	0.03071348316547773	0.021499714411031268	0.040669715675562254	0.07257880908786696	0.011137457038778931
2065.	0.024856132787727803	0.0094822800573654	0.03833799490274299	0.058994648224089286	0.01326010966622344
1979.	0.026268134834604884	0.013219687397102997	0.030596041375831624	0.05921467739832931	0.010137015659026027
1968.	0.06560933371150401	0.019353352315367056	0.03633422716611815	0.05415007560765284	0.0075723683726413565
2057.	0.09532241255986873	0.011987927279503818	0.03819122589101741	0.0588971087147776	0.012395269751345438
2048.	0.11725116466933305	0.011852995919560683	0.04070682710506256	0.06526175329932826	0.012503066713370727
1999.	0.08111069238401247	0.016143764836813568	0.04434023155256459	0.06631858942308566	0.015049889864753786
2053.	0.0208989650252277	0.010156227977919707	0.0207490194817338	0.03330674298144032	0.006873220672936172
1921.	0.04986874887992676	0.011555975332079749	0.021952252989052706	0.034132495684776054	0.0052337871819903735
1975.	0.04171502377144609	0.02009699798921849	0.032292160360410806	0.0714979059663905	0.011936333743026068
2058.	0.022083171666457013	0.011733512087357512	0.027071568486714572	0.04378259842137522	0.008395385317322618
1971.	0.03857091526470657	0.02246236695344883	0.03637428603291537	0.07450854844742794	0.012357232606091569
2052.	0.034421714280950866	0.02637599665556456	0.044993923479500444	0.06167582718172504	0.00810376031115313
1951.	0.017176946342146726	0.0020932232624244484	0.007492582025598195	0.016400455150347715	0.003999650133732624
1973.	0.05129257822101574	0.019015107285490718	0.03941725498871536	0.05768096480747831	0.009476013255517645
2054.	0.07053469382803335	0.03261472482934247	0.06959615637086235	0.10427943287089281	0.022451182305454235
2043.	0.05143858523139333	0.025324318171638494	0.0557946607368595	0.08749810542723202	0.016180384874930863
2045.	0.08170899431067602	0.010424768324359568	0.03213037344283136	0.04910567557321144	0.009052029196472043
1927.	0.09013083544850709	0.016426055869414036	0.032145517167720926	0.053203860494380084	0.010502473381020037
2049.	0.01606588931362829	0.007702985520848804	0.03240086102342022	0.0545213869221437	0.010175481246486468
1959.	0.02043004527877601	0.002431258085156096	0.007701139382116713	0.01711469849425795	0.0038362389840088285
2070.	0.055169403027024	0.012966290640614164	0.024726678227259963	0.03762149709796836	0.007223734398109887
2064.	0.037284606996286995	0.01330939457315361	0.04463649009499375	0.07159559285851258	0.015001719863394738
2069.	0.038652631777073676	0.006227259188784862	0.028443685045139562	0.04638128577965317	0.009996105100189043
1957.	0.005946454793857026	0.0014749828612857785	0.00647401017698875	0.014240798459104753	0.003172666332126585
1977.	0.0156848929592468	0.011702849306248209	0.024642566033322263	0.046717927390401925	0.00831742607628127
2073.	0.044016268143078685	0.015005114907772565	0.03646866412777787	0.054251416465634916	0.008452696588096987
2079.	0.01887587092988907	0.013148052779753505	0.024821440347172992	0.040041006565358916	0.008442973432085405
1923.	0.04149548270962822	0.017041715423164572	0.07144581641012068	0.10632096440857586	0.023286084760661754
2004.	0.02578756833711693	0.011027222532769665	0.024163591377612117	0.043891680210500494	0.008894163687432993
1953.	0.013754729450179748	0.002170612270942951	0.00724448826961388	0.014198048660022167	0.0032849708945409495
1947.	0.027359733088789806	0.0013753259987412392	0.0047499831064354925	0.007663134518916426	0.0016206451284518993
2066.	0.03352319561766348	0.02609878286318379	0.058609443239823984	0.08459322556732218	0.013865716826104036
2017.	0.11315032849685125	0.01685361102663041	0.03997222792810262	0.062284948748409286	0.011528751466177793
2032.	0.15213404197411495	0.034715122499241136	0.06431260562632435	0.09031611327554234	0.0137458016050772
2074.	0.04101226337780961	0.01747549615677746	0.06927574755673345	0.10483379944312077	0.022701863236278312
1972.	0.020896639758982483	0.011054508556303855	0.02187879607987136	0.053112008895754736	0.01006677618824038
1998.	0.13834763392947635	0.020014432825238182	0.07742800245679242	0.11783010844567476	0.02570519263904856
1978.	0.020364312931579698	0.012566955758166132	0.023375676935858132	0.054857294596078576	0.009916883343654028
1917.	0.08146272340687577	0.011839144993440853	0.03510783864293902	0.05345930602609961	0.011910758372248429
2037.	0.025653409243010628	0.008037487864552384	0.03127829606308483	0.045064089120965156	0.00938648111881338
1929.	0.19888372193457426	0.038197411935700476	0.07991109998119453	0.11359822964940014	0.01879580061626088
2039.	0.10207234945086796	0.02000978838825851	0.043820848918041284	0.058561355173401886	0.010201634939702955
2016.	0.12742935538941136	0.02061550305008142	0.050824802361166	0.08059163009331805	0.012122338132774956
2006.	0.024165643986339358	0.012988474725280863	0.028906197489432222	0.04691542126172521	0.009894468586668374
1976.	0.019379757858628555	0.010400610151673817	0.022584026193367662	0.0589177563676071	0.01175194832525694
2015.	0.11650628182169531	0.02610837362953522	0.04878069826204264	0.0618549104558932	0.009619334480652462
2027.	0.13112536390098328	0.020095762831478514	0.045258644594457054	0.06594572770611806	0.013921734407481085
2038.	0.056494872306718014	0.009902518052683051	0.0373481031925149	0.05763286573321824	0.012935638570742642
1922.	0.10671195877193518	0.019189285955447666	0.03829392168149009	0.06010886813085736	0.010204589602544261
2023.	0.10473582325324715	0.007888284540831791	0.037482926098496475	0.05668964194330994	0.011838170128307372
2022.	0.07126202203046483	0.014814191114657982	0.03101665260301499	0.04829300629292477	0.00726263779985455
2028.	0.059610036304356795	0.022864184702830914	0.043742927457797565	0.05654901274709212	0.00916723291914468
2034.	0.023351492724413614	0.006396273505053451	0.026832177057460854	0.04124280063246977	0.009151915791827466
1916.	0.021245280699413782	0.005877490155919651	0.026282788901431157	0.0439179535615879	0.009320799271720318
2021.	0.0311601453618372	0.013019044280840886	0.028312744870879612	0.048442448653817194	0.009170554693603743
2033.	0.02337966779299694	0.011324149858528698	0.03757879630118579	0.05498892275071954	0.012191198227165133
58.	0.018348692539384204	0.009486913729842339	0.018174491081674456	0.026131408665268308	0.004405076418706415
57.	0.02110465172055731	0.00219250830463269	0.015284743457188003	0.03532862836513595	0.008293914637305166
62.	0.011247726920711743	0.0020249565453380747	0.007879141946053412	0.02244339778488913	0.004865641314343715
165.	0.166809697410218	0.009063982225500866	0.027697575365997724	0.08078750242432564	0.017549417832249812