Case_No	mismatch[standard]	Min[mismatch[fancy]]	Mean[mismatch[fancy]]	Max[mismatch[fancy]]	Sigma[mm(fancy)]
163.	0.00695077538485811	0.0024931738079331245	0.004253598574939018	0.007539485617154895	0.0009360011886604623
161.	0.008955423859347444	0.002782719136530276	0.005608856646553554	0.008351903389498427	0.0013444943188591978
164.	0.005570394313194171	0.0010382370974438837	0.003300138210539065	0.006190026344042643	0.0013261719568369195
963.	0.005181283219894639	0.0019140786559717071	0.07997830948299846	0.564586725910756	0.17756525959812192
1129.	0.004843505398641201	0.0016364266866369936	0.003806478608552536	0.016750643039393887	0.002958020658220015
1217.	0.021269653119607934	0.014875682806796964	0.01988467324840814	0.026498846274524257	0.0032051174969147064
887.	0.010220491857422909	0.006359996743072083	0.009394920248514405	0.01728889226905317	0.002327783619624804
1189.	0.007620229751178043	0.0022761712930022826	0.004498651186585323	0.0065941008699224035	0.0010798648522444304
790.	0.006573246239000574	0.0020565687404607846	0.005287897650920695	0.020287146917352783	0.003480075950014855
907.	0.0019262461389233376	0.0007914541551056198	0.006877414174037808	0.036428833709752695	0.008565887104285335
788.	0.015063544892471858	0.0032882261201819807	0.008498016686092966	0.012272597271951291	0.0023118492032659674
872.	0.006672488347324923	0.0017230253478205393	0.003005787841320889	0.005460585860591949	0.0009406225269693562
861.	0.004591568504983323	0.0012333357388546462	0.003571200390015083	0.008368487917931211	0.0016634887594350828
853.	0.009285860067409946	0.002919696681478068	0.005596571184234482	0.009148390503647463	0.0016594555529560035
767.	0.005185432219587449	0.00211366468457308	0.0063890737710174655	0.01869168476041927	0.004592495470238923
841.	0.005040356569345317	0.00197318735978258	0.006046465562379966	0.017067509776087952	0.00404409260964865
1205.	0.00580486327436236	0.001404108956259309	0.00434360551861336	0.006453739951380211	0.0012588601699323099
822.	0.016528450201022893	0.008765863367674376	0.012741018540149666	0.016259938895500148	0.0019216990850636645
935.	0.00631893938761019	0.0024208504669874786	0.006664853558508115	0.022579955131479368	0.00545438479554395
927.	0.017513616448224356	0.010570765552506467	0.014383757655860294	0.01874940843378614	0.002028032801501242
897.	0.007992141301793598	0.002330819345565782	0.00524322733884374	0.013369077144514296	0.003065440420663096
793.	0.006672574657249686	0.0020700822293824306	0.0046017550617831905	0.01336696296900397	0.0025601431620907804
803.	0.01117697060382794	0.0022216805262310624	0.005452797259573351	0.00818874118850188	0.001563247254121007
967.	0.012842188876509564	0.007517062375658634	0.009933176924985763	0.01363504124863002	0.001565014753757328
925.	0.008021120716120267	0.003280180771823349	0.005396304986773863	0.007721255356441081	0.0011535467749701105
965.	0.012942542066788132	0.007741819944780626	0.010196944128114418	0.012595789611516861	0.0013119936088937354
982.	0.007528823454407418	0.0017680672219380078	0.004005379472321488	0.006003673999199544	0.0011031461149832863
876.	0.011712277027485674	0.003199642950049708	0.00593038289450375	0.00766849350798493	0.0011271957434777818
865.	0.0060787700402841205	0.0013333243260290617	0.0031412652356197605	0.0050493564254557866	0.0009016794190150739
1188.	0.005963255421150837	0.0018930153581085962	0.00450282956179829	0.00761954149342714	0.0011860914745934431
856.	0.004807869596429537	0.001599436323728387	0.003197620545546937	0.009422106391876017	0.0016231489379705713
764.	0.009663718659225995	0.0033000030078839115	0.005430185349223394	0.008146877399115793	0.0013018869908504403
838.	0.009346055682915466	0.0032003113414316164	0.00525997062247209	0.007852229008940226	0.0012921400441293146
786.	0.008965981836302372	0.0015951072871532856	0.003896196342065878	0.006119091269800592	0.0011608211694796487
874.	0.004527402601953834	0.0010991084903422266	0.003004064558790537	0.008958497190263759	0.0019331889314750151
863.	0.007921601929628541	0.004636079926803038	0.00674609977128525	0.011646099387329634	0.0014494448317844244
855.	0.0061953655080114745	0.0018143024729050383	0.0036345839055121607	0.007627007135634245	0.001303493133487243
1195.	0.007865481941884966	0.0018004687761875582	0.004265622063456968	0.006644525709876836	0.0012983450686487935
3.	0.002983009503808587	0.0012235920959347002	0.00198579299126904	0.0032973981977434397	0.0005172375368882561
88.	0.01310788127219742	0.008258563401790875	0.009223640255281768	0.010420953400642086	0.0005853037839239675
1028.	0.002136686440271318	0.0010109696869756712	0.0025515949505946676	0.008553925689123831	0.0018333862018430718
1053.	0.007581911215478687	0.0021086799695161362	0.0038810792470403608	0.006233385229279076	0.0009097212293167387
1067.	0.0052025964748253495	0.0029158314636100746	0.0041491321337994765	0.007113717648631446	0.0010466349182002607
1006.	0.0049839143443515255	0.0012582917050494302	0.006863139815495472	0.03232080411056726	0.007038920985526161
1048.	0.007487497543541499	0.0012507983553189383	0.003125960467433588	0.005643354165007164	0.0012260066639421168
1079.	0.009606393570669836	0.002310941906950692	0.00418461080680542	0.007095267084136214	0.0012620831234019224
1049.	0.0070971543798441505	0.0029407405643566698	0.0058146433914429444	0.021022827014589796	0.004269359271701841
1035.	0.007397086041253553	0.0017429869748009086	0.004224687822846428	0.006732380088944612	0.0014651648506859866
1066.	0.005205605509939537	0.0008184404756782504	0.0032602258527042066	0.010122576346828671	0.002327225966806774
1019.	0.004535846673837329	0.0009159893586389023	0.00239253032162877	0.004321066772237314	0.000726130954576728
1076.	0.009614606507521994	0.002302706688565026	0.004533744237706374	0.006787718872069637	0.001254122002485177
1086.	0.0023934989958865893	0.000742253163958595	0.009057516955722747	0.05318345330386254	0.014897433743796613
1071.	0.003356778979339059	0.0012080895848288753	0.004664723202532068	0.01726859138523329	0.004595609254179574
1085.	0.006218220789963813	0.0018638645251268793	0.0035780401493665606	0.00800399281559272	0.001548554677654066
115.	0.002954833602992313	0.0002490957624936563	0.0014860953876166603	0.004451434017158196	0.0009532837064427079
632.	0.011675698192260553	0.0016785435443671393	0.005671959572295006	0.010804575942603645	0.0027164599465501057
117.	0.0038146313451495883	0.0005425578756805827	0.002191105999997154	0.0061192991049096035	0.0011215959452965899
116.	0.0018939057167016715	0.00015020952313427038	0.001095969686238329	0.005622275772694363	0.0012644410340358653
1042.	0.012671563981333844	0.0018717830927049706	0.005221135780567939	0.008953201075768358	0.0019715299588044526
1078.	0.01101440338415749	0.0024152108726460675	0.005946276508760591	0.010982603167424165	0.002000716290581976
123.	0.004729378806930473	0.000712334142418003	0.0021139595559138613	0.004836354761316941	0.0009494995426284802
1045.	0.006279907450637556	0.0015799227778418024	0.0036340014692212283	0.005876919007763326	0.0011333980234361214
1030.	0.0024472619962665476	0.0006728348596418687	0.013921277655660933	0.09301453214368494	0.024857631516027535
623.	0.05699187955270024	0.035522533367312814	0.048445258946516856	0.054924291201181585	0.005455204814744581
1065.	0.005507619400927477	0.0018952762931050415	0.003144712994370868	0.006747601383838009	0.0011195938376331678
1059.	0.002049050991237533	0.0004850360785604302	0.001566888885948023	0.00308560842305039	0.0007829752975902223
121.	0.0029136657854960113	0.00022224562092232336	0.0015235949524740953	0.003570552442328734	0.0008630315885994236
118.	0.002799259928610409	0.0005221426035685317	0.0016487410733574484	0.007025685179158692	0.0014988854255333995
120.	0.004096270891319254	0.0005152957716860751	0.0015129396892838644	0.0022930772056783955	0.0005840256041191398
119.	0.001357584751969343	0.0003512298703841621	0.0009849017317609334	0.005278865712647796	0.001060407538136154
1027.	0.003625838401513315	0.002266839955838318	0.004955444005682753	0.00925328167799544	0.0015466824441374425
1012.	0.008304708848097753	0.0029673255598503534	0.004953081912202731	0.008048507255584592	0.0012335809501440686
1031.	0.003639654527595626	0.0012066492818921803	0.0032602534578691673	0.009245945781783949	0.0018510615560017477
1033.	0.014214282187344551	0.003656595244236782	0.007637950811672593	0.010976176768669355	0.0018749936845953391
1010.	0.015547758627851627	0.004173874051921267	0.009469414707525143	0.013070494610768035	0.0021967620837758115
1018.	0.011934478001725535	0.003823455145453236	0.006678111261297552	0.011625913219381001	0.001847080152145879
122.	0.007374086449032924	0.0006789097429701352	0.0027811990530229023	0.00510696024441859	0.0012558434560840585
1056.	0.002349281218152366	0.00045513667195939966	0.005974594427221771	0.03143790993906159	0.008544857885411202
1009.	0.00916322550618287	0.0013768690798350303	0.0041475436084106206	0.007066689593022368	0.001527468428277997
1008.	0.00882818267145824	0.001959656146276245	0.004108652697285762	0.006784977571552386	0.0014931123552448138
624.	0.003872300375046711	0.0012431211483874272	0.008682673970012817	0.037369300391155824	0.01085629676038853
1070.	0.01466514096193916	0.0024500502556826786	0.005904809232846557	0.009759070152686733	0.0017899338527620988
1022.	0.01646561801889268	0.001124474245038809	0.00510132488994549	0.01171869332039932	0.0025071528475985212
1000.	0.002668854980363511	0.0002520708022569762	0.005830776016778087	0.0588085087538901	0.010226650503801095
1036.	0.0025468180801712093	0.0012915680476767166	0.0028002086700059737	0.007951225956707497	0.0015451039577546275
1023.	0.006016052048024245	0.0013266027903999777	0.0031616289845490253	0.008914277553831784	0.0011957060674572214
308.	0.0122887397101209	0.0009272380384789392	0.005677330767667095	0.009327287928562078	0.0022909989863311745
1020.	0.005476023950227948	0.0019225716021605832	0.0037433750023560214	0.009384097094582322	0.0018778781798676528
483.	0.005678761078788841	0.001774463893340572	0.004580322187210255	0.019062858338648847	0.0035453580476821067
1224.	0.006369095117925827	0.000844178055555922	0.0024956951627326677	0.006286903057763804	0.001165795746884267
1051.	0.009309518781156378	0.002978545926548004	0.005310841616082499	0.007694547033678112	0.0013739926889161944
1005.	0.004229220006495171	0.0010699078689456742	0.002372750637235767	0.004508592839710279	0.000983225754819484
1041.	0.008498176589386675	0.002875869551313248	0.00467249833078641	0.009580648548282333	0.001635368505372772
124.	0.0011717872302620114	0.00018378786598316488	0.0009870866985245022	0.003470120141370159	0.0008957509708779555
1029.	0.006781323582821908	0.0014771179067970541	0.003767764883062915	0.009182167090113103	0.001387346595701731
125.	0.003713816193326447	0.000849232929589383	0.0018053616689199777	0.004304023861217532	0.0007896136648038068
126.	0.001188280203165637	0.0003496915405482026	0.001183988861632774	0.0038907989970345946	0.0007625001795172626
1039.	0.0031947949187396407	0.00021801356248674075	0.0024500312174529346	0.006549571751649386	0.0016972557262867737
627.	0.038828887694868586	0.001310178623198266	0.009733703419922487	0.034682777566364176	0.009319141581447577
142.	0.0037409661011063022	0.00035430778544986996	0.001700014363173857	0.0045321022849883486	0.0010440201389866838
143.	0.003575435170475094	0.0007231913247178756	0.001505039874579881	0.004266704214123451	0.0006617746075570017
144.	0.011429001485442458	0.00061180628038493	0.002020633836099641	0.0046448364066701275	0.0008613433843392401
1087.	0.005713000976146243	0.0008011428497918249	0.002381374793441656	0.005702351655060944	0.0011975138087343066
1057.	0.007406968201789876	0.0010247057591681319	0.002412892767871158	0.004958875689497599	0.0008407604274045349
146.	0.0044518374621898005	0.0003169844120541887	0.0020752758957274958	0.007632518437900249	0.0014905830260562396
1077.	0.005305033319642716	0.0009145524665337135	0.00268536014074289	0.006323745150438986	0.0011260152836716068
951.	0.01429275521775919	0.004534936903873743	0.009618151793678602	0.015750987424337226	0.003247484096888773
771.	0.010546891386814528	0.0019352637610072776	0.004815630166366875	0.009185376595986172	0.001803792646329588
956.	0.026626094882628903	0.004214200988993166	0.01043128215048401	0.0181841142455772	0.0038156171901806107
949.	0.014102445149940745	0.0017221670299997216	0.0035499548047293393	0.0066777366197933175	0.0013612207158113544
716.	0.03974160827118567	0.00863368467692105	0.016128818185535493	0.02993159555902103	0.005657013172885
758.	0.005139036888477944	0.0021017277101286203	0.004508443568726735	0.008517184614436846	0.0016712220579487745
974.	0.011879116096942699	0.00229928167428628	0.005248733753053895	0.010032171719446703	0.0021146460533357564
732.	0.002480663452062326	0.0012991945590872245	0.002858847898187464	0.00579553969914981	0.0011684046087349275
739.	0.008411572094354725	0.0006836562501107979	0.0018376584525116803	0.0034041925402562567	0.0007572121604884977
915.	0.005896910411340661	0.002971980070501923	0.005665114250288766	0.00981031548721556	0.0018262883024076299
989.	0.005633879661988583	0.0030123734046573203	0.005535918813831824	0.009328809431595975	0.0018007481975989498
1200.	0.04943350211433384	0.010323388837775949	0.020581638351008506	0.03619849870309999	0.006838216215473836
813.	0.015539011270409908	0.003144164505108682	0.007056717118554939	0.013016682824540382	0.0027394049027957834
977.	0.01835354641034892	0.007067380679958379	0.01394476256126839	0.022127797272275984	0.004183654630456016
721.	0.010615281747246463	0.0015489107080737252	0.002997605606926846	0.004565811492486249	0.0007487851738810335
751.	0.001871430524876594	0.0008293134978543115	0.0021924613291755385	0.005544572523168756	0.001253254848864063
918.	0.010857145058265405	0.0016176954071539518	0.002723886384135187	0.0042424920670856014	0.0005803674201130551
840.	0.03305205784130649	0.006671575074210789	0.015916559390099012	0.026099644817404455	0.0051581527307579264
740.	0.012842510879776059	0.0013815794193196007	0.003806123974208814	0.009954600848317563	0.001864675193867197
890.	0.010077526095605971	0.001247625269936714	0.002675801458175079	0.004578049907157156	0.000939837202208339
842.	0.00693466770787321	0.0013049518002354876	0.003476669662835388	0.005690192005774697	0.0010832211674369305
722.	0.01828304033133521	0.007288553459663616	0.015235538924126192	0.025105077825204436	0.00468846151543842
910.	0.010012483412154993	0.002371447502155122	0.005556418169096371	0.010481879065554311	0.002342266253960292
942.	0.008398068314694807	0.0031096395151433143	0.005670141801334928	0.009849035336118361	0.001856073345893512
992.	0.010330690435384482	0.0013810269028221578	0.002584596046663292	0.003840927663588678	0.0005361832615133503
1194.	0.004488237000728645	0.0023693075043628165	0.004232297594789991	0.006531515872333249	0.0012270221545631842
717.	0.006698164007832519	0.0016971184223089075	0.004224012315155078	0.007150011418240343	0.0013726799412243822
1207.	0.011033767021786378	0.002045284454901708	0.0040547535748688595	0.00739555525337332	0.0014678640322365677
768.	0.0068453157417240895	0.0013279954954504847	0.0034742230940311147	0.0058883695827683935	0.001077536982649063
944.	0.01016793591089693	0.0020928769506074474	0.004026375419311554	0.006272487906626489	0.0011603020215453573
934.	0.019168081453032948	0.004717719872295079	0.01034482363371198	0.01902623295047079	0.003824764840763891
766.	0.03289575872680672	0.0066970710242636455	0.01567713422864154	0.026857567620644285	0.0051282212597084315
778.	0.005942262784770613	0.0012856379895996861	0.003080080126676977	0.004756143733488094	0.0008949786064455457
796.	0.009944800399804832	0.0007280331379302396	0.0029060073922339688	0.006586338078745757	0.0016637387909504537
906.	0.012400161340959337	0.004933566582110194	0.008370046646360287	0.01323075272421681	0.0023279439550662746
888.	0.027029639436616293	0.003650217605914885	0.008539267684423167	0.015907884591688348	0.0030227923759581035
976.	0.007041386838013031	0.0014514334226103376	0.003249268175396722	0.004893180977420308	0.0008791862962476218
821.	0.009643214337772932	0.0012239826028115353	0.0024811237396104896	0.003242855080220375	0.0004691991027662061
900.	0.013734293092275363	0.004262110753140869	0.009235050021874065	0.016652761467595756	0.0031666515112281713
710.	0.004082962749245356	0.0020371106981663667	0.003915990535431195	0.006223559400929779	0.0011439661308884463
830.	0.004047025205414778	0.0021510435156809615	0.004030575090439954	0.006457576805132703	0.0012193551125104737
908.	0.012991657304470494	0.0013555150706672237	0.0029025341086034743	0.005525721645644355	0.0010102089850472608
806.	0.008746754114512312	0.0006132244743649595	0.0030000822325550406	0.008805506201028934	0.0020608050908874588
886.	0.00925263423495204	0.003130085428305285	0.00641989312046367	0.011215423033830607	0.0021266424565719575
789.	0.03713564324377994	0.0011065422288144555	0.005735605975285435	0.013152143728977883	0.003014309398436566
943.	0.034028717892277016	0.004524451779613359	0.014047689348165011	0.022296151182148893	0.005128874902214917
798.	0.014262303905120066	0.00064026108837556	0.004291490939831293	0.010156586181508498	0.0025178961348968324
958.	0.006572966546330328	0.002916182014225943	0.006043989970587532	0.009798570476022284	0.0017919052571999778
1204.	0.006353038273656519	0.00287759879966043	0.004525216880953415	0.007372562872191013	0.0012555706656376495
991.	0.043398902486583846	0.007635918695768185	0.014384157133048504	0.027047402230191087	0.005146908236624037
928.	0.018821158488351752	0.005835426406395561	0.012100739302413531	0.020011106230075404	0.004011005073248746
896.	0.008132057928696867	0.0012025927946420767	0.0024580282557083682	0.003704487975270787	0.0006805031089523165
968.	0.011204461400149746	0.003817272523588322	0.007923156811541168	0.0134455311613223	0.0028031874741762668
772.	0.013056806477951488	0.005604639708499115	0.011872044905180375	0.019087937949175404	0.004007634113148425
791.	0.011403496764330168	0.0006921408419572339	0.003489708087801289	0.00951070037018975	0.002338607574685296
917.	0.043235002114913934	0.007473458731274696	0.014291469355517273	0.027363194331535334	0.005248988098418534
780.	0.018902578945303894	0.0019384221062952456	0.006039660237468746	0.011326774472831036	0.0024873569863316978
898.	0.012239383766072809	0.0026842469026544524	0.004863683616457686	0.009073818683861035	0.0015924074475056208
804.	0.05163566452509738	0.001238726624728459	0.0059715463680097254	0.014067914819325789	0.0033812860664653686
731.	0.009676388069097097	0.0012314288570848264	0.003535348562426464	0.009535183359120514	0.0017209836418014338
814.	0.010380536239378402	0.0040962320424778875	0.008453623970031172	0.015337006025960442	0.002985524935660263
808.	0.01915324671469798	0.0007643505869164846	0.0033602443751867698	0.009285473713725234	0.0023169129190301883
757.	0.0032005537909165493	0.0008634329380940997	0.00253561333785554	0.005187780242913997	0.0009801544742249837
711.	0.010810966809952305	0.0017867872559541587	0.0034214681442374436	0.007020976986368832	0.0013126408349568802
950.	0.013765963746982468	0.003145781652726609	0.006555634938456905	0.011479785281714228	0.0021170117691789257
937.	0.006206260838387934	0.003017514429806467	0.005690276772992091	0.009737742193794419	0.0016765410331467758
794.	0.010213388080371755	0.0006982956329114609	0.0032736304499363378	0.010548195065790411	0.002491084342096678
984.	0.005287172195522327	0.0023313732950847044	0.0037534534550293175	0.006756620634628119	0.0010174979498742541
1215.	0.020530478215058823	0.009427071319422886	0.018727002862233284	0.03031762445751851	0.0057558932659743205
820.	0.013476676427361611	0.0032269254411411152	0.007023119160490222	0.013414201210412924	0.00237016874537533
957.	0.013036850313373427	0.0015679029578983261	0.003737774866089962	0.007146905630166067	0.0013349288741270609
770.	0.00490997522290737	0.0015028941776508153	0.0026266996802171362	0.0038689189291767345	0.00047050756765007386
1193.	0.024690657490860968	0.006586280528951383	0.015043048717290014	0.027792273788324273	0.005468258093421742
1197.	0.013281526107336239	0.0027932847946496864	0.005116333467399764	0.007509754791043988	0.0014468481665480019
752.	0.004880754344928406	0.0011306265878490152	0.002972592374603006	0.006879242426686583	0.0011964660651169997
936.	0.012813346540692327	0.0016992168504808003	0.0031869272073703067	0.005817797066403951	0.001036709150988575
720.	0.005519521195095467	0.0023611949528519194	0.003977308463789385	0.006616974925908736	0.001097738353438799
924.	0.009579460812952911	0.0014402858883109104	0.0030581417931984946	0.005240562126042181	0.0009919055368656654
715.	0.01213264243348966	0.0017856993269228516	0.003895733696780302	0.006583640465521401	0.0012705062296403387
983.	0.013942792160310358	0.0025274532780952264	0.004343436155564986	0.008606013397482681	0.001442464155743426
823.	0.03531532415538419	0.006672315938259787	0.013780320474809296	0.023319057204228777	0.004957808699039216
829.	0.01899843531312917	0.005089369074622541	0.011851378350154353	0.020870531194321362	0.004290254295491065
765.	0.01742421700801311	0.002957098999954111	0.0064302661089400285	0.01223399206120479	0.002473497987836379
709.	0.019084277300158603	0.004837828198735017	0.01150055908887743	0.02058964347864589	0.004155609688078222
839.	0.01701144808674182	0.0028232455592636096	0.006218569987595589	0.011611736403832285	0.0023880419266319682
981.	0.02735299155634552	0.004500571719588953	0.012859117985007676	0.020894559985094707	0.004628918868726512
812.	0.007882104409719481	0.0016483189312526125	0.002582750372926252	0.003724597280523434	0.0005961217722647428
964.	0.008403849881288394	0.0012761983583666758	0.002806320964725178	0.004347402166666847	0.0007778343473777594
966.	0.012793798973202208	0.004417641425879415	0.008193165567672083	0.015335079698336362	0.0030139547896871136
777.	0.023809228093435664	0.003997768466043605	0.011855164988674985	0.018866493657020533	0.0042537574542490875
926.	0.01192393577816242	0.0030617488833706297	0.006471990185218395	0.011876093516748343	0.002346929337075661
787.	0.014584810664088788	0.0006360408126400152	0.003435387972329435	0.008342393716129215	0.0018530586217951142
873.	0.008026773082734917	0.0015800848882736584	0.00354816782846939	0.007008034563448562	0.0014105689236512797
748.	0.004825049778599211	0.0014563668758053039	0.0037764929604673474	0.01060050956626124	0.0019747542964541997
749.	0.0014722419359213257	0.0006466661056456768	0.001967110063467897	0.004552709606262972	0.0011941060434514093
1800.	0.010138432027763433	0.005286917727566398	0.010203810521977642	0.018559320850177308	0.002794862255498936
1846.	0.005463384652722558	0.00290203597250005	0.005698991100189412	0.014194299212339834	0.0026245882614665556
1833.	0.012818450457152686	0.0005743753391851403	0.003249232605894616	0.007288345651342398	0.0019400652168123098
1515.	0.018678080903484995	0.0002707377205389827	0.003161892463572994	0.008260764571914825	0.0023899190197776586
628.	0.023075686698570852	0.0014848055674022698	0.0077882601752045436	0.019883949533810896	0.004799044608638714
1874.	0.0039009411804816763	0.0016331408159574456	0.003498114448330372	0.005778873661890671	0.001167120153631701
1704.	0.020048841725723632	0.0005972300775962669	0.0034170290592747147	0.008493325118761663	0.0018995781663190797
1762.	0.017301016643196165	0.0017710548467213538	0.0051189416309396826	0.009985717517479897	0.0022158344472482626
1888.	0.024506231514848098	0.0011093451832784318	0.004139552049682305	0.009048902419278804	0.002083047138604508
1868.	0.004931298459582956	0.0013730203192643398	0.003881806909816789	0.01113765614445783	0.002115691111093515
1518.	0.0036943161057860774	0.0014801728423289306	0.003737709149977405	0.006461518356749685	0.001299865845166846
1890.	0.008788281010636667	0.001086546329462923	0.0025173077330232245	0.004937943949278711	0.0009932040460997893
1991.	0.010192503584147805	0.00037496281640292395	0.0025663152995089034	0.00542071300248359	0.0013815878738342156
1981.	0.03128249010075945	0.001991518952721427	0.0053815532384650115	0.011620844674110509	0.0026007904431014296
1987.	0.019896994961705827	0.0014641487056984426	0.00452248135147405	0.010001687086557465	0.002177793328816416
1956.	0.0036784379684512425	0.00025035706362208643	0.0014058621820593556	0.0030585396793038067	0.0007951046932645673
1986.	0.037872462367619875	0.0009267588806080029	0.0037900219527571303	0.010947280903654155	0.003083899105692339
1988.	0.006173829341901138	0.00022747455032001707	0.0031376128099617102	0.0077499666888767305	0.002032348816836529
1782.	0.011927242104936009	0.0023147825132801003	0.004028547508619719	0.005470631666942616	0.0007504381259511283
1983.	0.016179287251335328	0.0005843539396394037	0.003849608882342674	0.009525723756147686	0.0028345316804258844
1993.	0.011568840224291166	0.0015875546683783437	0.004541785443474809	0.011426357545746946	0.002702152480442696
1915.	0.012394394622870064	0.0023432823110592915	0.007250696705873083	0.013337237592711326	0.002683658097029298
1948.	0.008804001448474263	0.00022955256010959157	0.0020616699663994487	0.004851025254105967	0.0013251984999103333
2003.	0.014981569403965556	0.0039000324374242057	0.007689108493350892	0.013171561661917464	0.002335217115725982
1954.	0.016451159318896957	0.0004407764915347334	0.002623181191967641	0.006827606739440939	0.0016515033946736977
1946.	0.009579959396019966	0.0003025628545697545	0.0016098266128670474	0.003931560451224225	0.0009536646520351073
1982.	0.01406788504636769	0.0009312734438983172	0.004908442826887947	0.013618938782528622	0.003556534185459284
1995.	0.009250309577083504	0.0005738519318603252	0.004426234079182298	0.011092759596355473	0.0035529174048077087
1984.	0.014901183842732868	0.00048012052836365893	0.003733439628601803	0.009109084025037517	0.002484554775444074
1928.	0.01307112841542013	0.004794869157565773	0.010305533570703355	0.016238748411762205	0.0029553137657212488
1997.	0.01768399121818276	0.0030787727144782062	0.009580977949378152	0.01514295780774233	0.003104181991578463
1989.	0.01502021482503757	0.0005333405323293405	0.003641630846849301	0.008664651107714971	0.0023369942443215506
1920.	0.012729084494573772	0.003059664835703191	0.006624699714431435	0.012033324133182366	0.002181563485696745
2009.	0.012488181535217246	0.0020151684772418132	0.006954916270286097	0.012474203353856628	0.0026762100038122956
1994.	0.015063871398147133	0.0007096539285781356	0.00321585943823418	0.007009674197991478	0.0018782677388964632
2005.	0.024998295498751988	0.0047325243525828675	0.012342749118738314	0.02187896497735009	0.004377452158871473
1926.	0.016319377733171825	0.005448692481423989	0.009821466845049217	0.016050909748203113	0.0025721789338704693
2081.	0.015501699935068114	0.004655864206895344	0.00925887337406148	0.015867710871915963	0.002882853067020119
2007.	0.056118768575443956	0.005398433175298312	0.013721232867143631	0.022653436331986687	0.004726388678005053
1918.	0.04909778767630035	0.004315150789996114	0.012858237242950765	0.022005606394093102	0.005064668770456022
1958.	0.005725153024459195	0.0007486151368716332	0.0024235612746853962	0.005463158920179567	0.0011773707998865993
2080.	0.017888687892012922	0.0024801802681849727	0.007821693991203178	0.012493983461516978	0.0026920270778705573
1924.	0.02874130848417289	0.003525651665127638	0.010404172073638788	0.018633618867196167	0.003957458554781272
2000.	0.04202862309360633	0.007090070793041248	0.01350134621496385	0.02279992962859234	0.004313581584799311
2012.	0.022233319219924663	0.004324121762885325	0.009713916729391172	0.018998915431947427	0.004023477658347046
1945.	0.021619410307170517	0.0010419236992733616	0.003239611857180836	0.00816753534080561	0.001840214893685339
1930.	0.04464118650859439	0.004313409135240809	0.010531135272153694	0.02071795008887478	0.004371174208303419
2010.	0.044934644957178804	0.004492275217617636	0.015204437042541465	0.022842304415252812	0.005433430992629075
1992.	0.007754438543592701	0.0008149530341959865	0.003907103072536759	0.007304898512660696	0.001914693623106422
2011.	0.05304547283000993	0.006852666748900171	0.01560597196291535	0.026394305698123177	0.005218813345272527
2044.	0.026183435482650008	0.006388675972847313	0.013274619861987145	0.020407991982422158	0.0033867689295557844
2075.	0.01854818131871483	0.003578048289163749	0.011107534473333583	0.018266596652356193	0.003981319137725962
2061.	0.014351644266202057	0.0037653837746770558	0.0110474890865923	0.018716095143716416	0.004152368292377776
2001.	0.04472067118411993	0.003974964549803506	0.009548741082683847	0.020290400843682943	0.004419295389616662
1952.	0.023950991229402252	0.0002322396924187009	0.0018085536340768133	0.004879499401319376	0.0012236192445442503
1969.	0.01051875078416531	0.005709295620773047	0.008096523163453016	0.011242192314354416	0.001389179861301409
2065.	0.01165572615847621	0.0029069782917553466	0.00863673504375125	0.016574281161298887	0.003527265571777051
1979.	0.0082356037701109	0.0036464396288388157	0.0060333122630751275	0.011255370901726569	0.0016104672024586841
1968.	0.02069863546487294	0.007950895355654408	0.0123841563338539	0.020529187294351603	0.003521511588362151
2057.	0.02624104554131501	0.0029289369458979087	0.009326518981382318	0.01813858043380634	0.0037095811415314445
2048.	0.04621040737697346	0.004237843031204447	0.009690491083060285	0.016828419578606812	0.002970337189724758
1999.	0.01746867097752869	0.004570414515313259	0.009259790705969854	0.01808648955810055	0.003424148153382264
2053.	0.016694771946587417	0.0015462459885193791	0.003927404916482083	0.008611048340834815	0.001839982131270161
1921.	0.014173803846144861	0.002120188187996974	0.0051012086942834245	0.00944134462388102	0.0019623359834045977
1975.	0.025386439693579232	0.007084822247556577	0.00983844760413465	0.015100337720308388	0.0021629430768849503
2058.	0.010535155479659886	0.003470723112585561	0.007102024793524157	0.013992522039645738	0.003074208522231634
1971.	0.01477898643780795	0.0062282666120672125	0.011033556001747704	0.0191646491445312	0.0029352148227214715
2052.	0.015024651562853597	0.0030219032788275646	0.00900307665181998	0.01515183036188672	0.0033920266257876633
1951.	0.01287493118921923	0.00041077352010454593	0.002237701904124526	0.006064280959522272	0.0014280264528167645
1973.	0.01051357960894117	0.0055270443274400005	0.007843134593210352	0.01321000347002721	0.001878217649845905
2054.	0.029599571616585774	0.00670584088371351	0.015040493968599647	0.02391260076231294	0.004114292526417085
2043.	0.018797628623960838	0.004383011861626707	0.012253302728379852	0.01864742325699975	0.0033349906125753337
2045.	0.019327096683559697	0.003810825068376711	0.007807520254455284	0.0130425122959692	0.002575499664585708
1927.	0.023464805350839835	0.002650545201064003	0.006918596014346044	0.014630249305683796	0.002932634621264336
2049.	0.008613808927977584	0.0035152477844211383	0.007142838844002012	0.011967902755481541	0.0019834075313560516
1959.	0.011574254073169588	0.0013338219583344246	0.003286807975862576	0.007094373420305722	0.0015339085252532834
2070.	0.02856885345011073	0.002932725022155691	0.0061264179426651	0.011368469643632362	0.0022047177679534588
2064.	0.02112143164195668	0.0032340320812809242	0.009528009269957867	0.019617786494268485	0.004059438855055608
2069.	0.015827320196445394	0.0020440833818665682	0.005832752284592082	0.013568665964380888	0.003014482707252036
1957.	0.003834373657865986	0.0008257411291558991	0.002277568075489749	0.005287952006794994	0.0011479466312231306
1977.	0.006981753488561004	0.0034427950489801518	0.005544188678368597	0.009721161570913628	0.0016625164853765555
2073.	0.012665005877577462	0.0028579259503397347	0.0077108820851704354	0.012906902160358724	0.002810350216171367
2079.	0.009004716090317721	0.002606418630478058	0.005702327645778937	0.010508378256566142	0.0021716057664925912
1923.	0.017358208541439435	0.006408997885327894	0.015089861112286254	0.02175506996371046	0.004222403627626593
2004.	0.01106799617262444	0.0019324867319503447	0.005179805245083311	0.010344162669165602	0.0021143073192319297
1953.	0.011606887181288439	0.0004492668897612129	0.0022028912812814246	0.00476033760388106	0.0011742145157845134
1947.	0.01954925002210628	0.0004247431026593862	0.0017485680554784981	0.004593309782585764	0.0012613118765645844
2066.	0.018358278449900678	0.004431129913300524	0.0125419243950281	0.020210306679931622	0.004636361181834389
2017.	0.034523555770850645	0.0051862897583503376	0.009664584378363065	0.017552034338304212	0.0032765537122180955
2032.	0.04790364791857571	0.004359387526276182	0.014453252828535271	0.02265305437909726	0.005329649520504418
2074.	0.017536271738224807	0.005586605234135789	0.014295394689598501	0.02110942824761164	0.004237309744841345
1972.	0.009019378645995002	0.0033773783557735637	0.005104189077821344	0.008100692172735902	0.0010049922766720285
1998.	0.049167969573669534	0.006133405054554508	0.017737818686766185	0.028065095840181464	0.0057928181806207735
1978.	0.010175704214644643	0.0038657576936041993	0.006464684928279111	0.010503451726079915	0.0015703776394294822
1917.	0.02178445776735849	0.0027619107442627966	0.00697052386202491	0.014804504754154513	0.0034750899611116254
2037.	0.016803339876006795	0.003804725447484336	0.007814726127252042	0.01542681029642512	0.0030231816710910835
1929.	0.059339944076738815	0.0057805787395845964	0.017800161874108673	0.027620943569623635	0.006567699056668792
2039.	0.03945187016674767	0.003476791433909221	0.010505344831595365	0.018000108112611213	0.003950106542015264
2016.	0.040482480232312934	0.0037679136303125915	0.011374847432405369	0.018198495189937547	0.00370718940257064
2006.	0.019765229821488872	0.0024416503728784678	0.006138843859110076	0.0132851840721957	0.0027539341549885354
1976.	0.01319575178090926	0.0035602254489640606	0.005564908657492265	0.00871150394864506	0.0012990997291577242
2015.	0.03220366771192018	0.003431865001330636	0.010422166773614981	0.017527794451703826	0.0038272225885851796
2027.	0.03595075537040515	0.003575405736534587	0.010137348890267805	0.01683222399377371	0.0035805080099350966
2038.	0.02343319480667172	0.004547194930168086	0.009176735179902296	0.017500080304980847	0.003447095072454177
1922.	0.034742814153668866	0.002417101924207854	0.00800842263777348	0.014679718555459242	0.003294423290593205
2023.	0.028500888629883203	0.0031420655101699335	0.008082470859071631	0.015969833835104752	0.003361227610105271
2022.	0.02882279271708421	0.0019791369958751526	0.0068457432888838505	0.014497003483415205	0.0030477784530260474
2028.	0.01799640803598823	0.002965821744301711	0.008952522472093686	0.016844568932319448	0.0037112394526181754
2034.	0.011615689039554233	0.002325430937992312	0.005371290653787563	0.011107402604169647	0.002212336716494445
1916.	0.009312318719417068	0.0023999801176078916	0.005783470818335515	0.010832479243032433	0.002253687008815615
2021.	0.015785503899680697	0.001740397150708728	0.005714385647566188	0.011980283857382368	0.002610085188780439
2033.	0.010089272841572905	0.003261073217732613	0.00810996180617712	0.013964637772194366	0.0028887665843033935
58.	0.011288373864976498	0.0018307611225600873	0.005641289328030842	0.010577333623480012	0.002352389382289021
57.	0.014150317921902134	0.0008424560658513158	0.010790040646859903	0.03644934188272797	0.008760569839889282
62.	0.007114924246978904	0.0006406265418762436	0.004953199213324615	0.015622288504882564	0.00413058339737271
165.	0.10670461165137468	0.001270332440427402	0.016492629911708623	0.05653866599689894	0.01637238226233674