Case_No	mismatch[standard]	Min[mismatch[fancy]]	Mean[mismatch[fancy]]	Max[mismatch[fancy]]	Sigma[mm(fancy)]
163.	0.013077827590603608	0.002150530517704974	0.006835612719208263	0.020655677774193082	0.004560332592131768
161.	0.012272903245127753	0.004677102670774036	0.006963087771410917	0.01482582398542287	0.0024318662877361556
164.	0.012028296832768404	0.002454501459408842	0.01198402075953173	0.02782907484266528	0.0076065255331476825
963.	0.0032766556437574534	0.0016896730758214629	0.08298011066287998	0.5804243667522337	0.1758772796065489
1129.	0.003451198326542615	0.0017576128439954486	0.008937044521031228	0.052611102622196815	0.012024624604714589
1217.	0.03507961334569021	0.0055813190529439005	0.012547287814953184	0.028740808585085986	0.00573469618511661
887.	0.010251836708149886	0.006283398995699407	0.01715781170878868	0.03990271731201356	0.009705943073819544
1189.	0.007828011652979638	0.0020407523737866473	0.0057442914130512645	0.021168214280326336	0.004026302053358905
790.	0.005085210546482255	0.0018626304674511651	0.007335789989450886	0.0346225160654563	0.006518654066146935
907.	0.004824763526625309	0.0026662447132201894	0.019919257506465945	0.12082564898734338	0.027336352194199935
788.	0.018117579438513443	0.00323528723807176	0.008714634161764864	0.02370367290614317	0.004256090956417437
872.	0.006300284729095718	0.0018197211650993195	0.007249056462121486	0.030494953583106277	0.006556654909527007
861.	0.005088236070172947	0.001732054053364962	0.007019018007147897	0.026456071785068924	0.006220231550141809
853.	0.008284609143482169	0.0015465023402991829	0.007705746252023582	0.02352324843080278	0.0052324483129816655
767.	0.00455166975635346	0.0018060581097151251	0.010217956014390234	0.05536205023841567	0.012155317840135463
841.	0.0036387345892643363	0.00163529350770375	0.009218511147954501	0.049568243076441365	0.010849731893339052
1205.	0.006785146211310544	0.0024840260446121754	0.006221491457384466	0.017393185281842305	0.0031495151029592486
822.	0.012687566894012736	0.00509488838152361	0.010868017227773075	0.02073208946709837	0.0039907312499241135
935.	0.0038497461185770243	0.002080598556426727	0.009139225405558666	0.057752507879268444	0.010788146487334282
927.	0.012749603276052901	0.004519857614316836	0.010035618650304818	0.02009079378129064	0.0038114250277016468
897.	0.009017148133973807	0.0033062403541914698	0.014107571992753512	0.052514310646532225	0.012922850977889248
793.	0.005044037034348414	0.0023775704094211036	0.0072734676152057766	0.0286225019045937	0.005852745963738231
803.	0.007271007021542819	0.0025089578210221175	0.005588214145348309	0.013770453567870988	0.0025875971579940467
967.	0.00926552387572388	0.002245757292338446	0.00892444447076233	0.022909592420583103	0.0052987762830965755
925.	0.010032065254173883	0.001477404615563005	0.006930861379897098	0.015152300073757563	0.0034586693975179605
965.	0.02003827926939472	0.00263313310111124	0.008329734017617704	0.01607176539191013	0.0030257290593077094
982.	0.004880278416043882	0.0018045761361388246	0.0059988227706163555	0.018657214180797244	0.003802990195749199
876.	0.00935267961080477	0.003982056090836905	0.007084947060771449	0.014862542214133967	0.002273288593300392
865.	0.005094691095722026	0.0011291077890216439	0.00494240456125581	0.012970236436386284	0.0028462154032939534
1188.	0.006104171407761427	0.0019490839434719298	0.005978332430840124	0.021922401456096585	0.004173374270734839
856.	0.00456719189280641	0.002532334387217894	0.006962708648826078	0.019951141468972255	0.004112730265671375
764.	0.008360740369683817	0.0016380903798327573	0.007535521330235144	0.020904533772343803	0.004466905871082618
838.	0.008823561893284593	0.0011063570916061138	0.007770742101268713	0.020642957151672303	0.004217322992565273
786.	0.012414760776893852	0.0018846927443475492	0.004715619470284903	0.010491750180001702	0.0018798748337087111
874.	0.006933600885168145	0.0013042109258819545	0.0058273744693335475	0.020494662485603055	0.0048117268986639
863.	0.020808893077886248	0.0036831400586938567	0.008749765041637856	0.023447771546320828	0.0047243869005505375
855.	0.007227443302119774	0.0016437168375281752	0.006082389046252957	0.020067519357732988	0.00436316149251476
1195.	0.005009364377970282	0.0018544261458501854	0.006094269996000913	0.017369284142085273	0.004055685333685265
3.	0.0015287047097738427	0.0007694294006028723	0.004968725704234776	0.02012351595153794	0.004686957810924811
88.	0.011570527342212644	0.007624196149617735	0.010253556965104882	0.016462152799721852	0.0022880959537469763
1028.	0.006973542117847176	0.0022112020847021574	0.013024647673746236	0.04153758058822565	0.011214677782734843
1053.	0.011425702817271066	0.0021577060588960917	0.004997809944340416	0.013530291737313127	0.0024017061817007343
1067.	0.006764205132505308	0.0034036938728517763	0.00800635657986851	0.02001578620799005	0.0038879816919204237
1006.	0.006288446665482783	0.0031411823849478715	0.01803919773213945	0.08967721438867626	0.023329906953629465
1048.	0.005943072272538763	0.001239379793968931	0.004455084050908912	0.012818268805510957	0.0026898276680414595
1079.	0.011950277562224665	0.0015841812144377077	0.005206796673138402	0.01578226488292145	0.0034403035612881653
1049.	0.0047402958957737384	0.0024424771068870532	0.007780299026698192	0.023470356383077484	0.005824576300167661
1035.	0.006896664589358226	0.001728184496543439	0.0056487227789604995	0.013483800120555722	0.002165113510099238
1066.	0.005012171880943939	0.0017738189548388572	0.010558150349099606	0.05530322423871448	0.01162239766637444
1019.	0.0055295185153325654	0.002100767363695133	0.0049787756757941545	0.015335851616969043	0.003006061178488507
1076.	0.007222382170846808	0.004193290984403353	0.009603833546675015	0.023819933323401488	0.005833437703174287
1086.	0.003569274744117612	0.001903185381780026	0.022504568858357624	0.1560314836413944	0.04068193677754593
1071.	0.0061253884828519345	0.004445795929366891	0.020659784291121554	0.0868405457634992	0.023053108429566548
1085.	0.009505165373410618	0.0017246052944628332	0.007594380157717977	0.02426261595435031	0.006362248995743864
115.	0.005032045990596146	0.0014540825866355966	0.005544507974637759	0.02281731506458151	0.0045236506931661145
632.	0.010213964344778614	0.003211243293983035	0.007418220043833568	0.013727469664430947	0.002330374920656478
117.	0.003764224537379013	0.001976503798585161	0.004750685986972679	0.015174288582662454	0.00306542002484992
116.	0.004055495019978594	0.0020917830973605778	0.004937371911588096	0.025973946021846772	0.004613403603513979
1042.	0.011416315180545755	0.002462157779250407	0.006005477981365145	0.01288886045892823	0.002762263646217441
1078.	0.010000326196972997	0.0037779533268099685	0.0132191087219676	0.03453996308715135	0.008493285910760233
123.	0.004340197432607162	0.0019083659054176527	0.004364248090009729	0.026997552662913815	0.004187263355076152
1045.	0.007122655715123827	0.00263932928582733	0.005934063061609424	0.01921897627156255	0.003940280661954358
1030.	0.005097118879329066	0.00280985442536541	0.023073510974418992	0.12270205784917376	0.03262188605692194
623.	0.016182147238423705	0.011692828967169944	0.019296724977215064	0.029383537226441603	0.004429994738905615
1065.	0.006351455464552291	0.002970095829692432	0.006555363644937621	0.018292150995781298	0.003777914044697237
1059.	0.003975842620992931	0.0025405963328691827	0.009304711373684525	0.030017497779866953	0.007154775103586212
121.	0.004756831945355033	0.0022752883569751026	0.00752354761930109	0.029315571169373444	0.006646219616046522
118.	0.003278429491234802	0.0017077862789955933	0.007707148777367662	0.045976446653068104	0.010879307761595024
120.	0.0057427115958307295	0.0015499797942893911	0.0043548982536999485	0.010275139103831599	0.00201095993316077
119.	0.003456490639386689	0.0018442573280312846	0.004926271227308017	0.03119744128316504	0.006068589013399926
1027.	0.007250652683573833	0.004130923261794206	0.015488607979576772	0.035766935869786076	0.010408178883913915
1012.	0.00832864443671566	0.0015399107643718768	0.006667593069207405	0.0187297262893229	0.004689047877963903
1031.	0.008129195070337936	0.004882409250358544	0.016936240658763653	0.04954008183865133	0.012535849085264304
1033.	0.013462996585010933	0.0023009454295584986	0.006882388920616565	0.017607220844311655	0.0035050732971799053
1010.	0.015653751713253117	0.0035949265734758207	0.00752458139058672	0.01666477151115575	0.003355804245685767
1018.	0.009390337976295404	0.0019362841504707573	0.005445106858136249	0.01645874280009929	0.003352521475484009
122.	0.0048770923976686475	0.0016293811680260228	0.0038414673537768866	0.0068159713177640135	0.0012004729479301078
1056.	0.004138948623297445	0.0023930589621695697	0.014222880127220868	0.07586691124820866	0.01972717260848921
1009.	0.006970501194845102	0.0033770282642316962	0.005398850519881265	0.01161073285980907	0.001740346316666899
1008.	0.0096240505213121	0.002181862714793925	0.007040001140411008	0.022865631529129682	0.004777225900560107
624.	0.006937953660909102	0.004036645819710971	0.026936684902350162	0.1769959361389053	0.038582951388841415
1070.	0.014068721461823919	0.004121143849869502	0.011038770587066794	0.027820765408169246	0.005113026505008798
1022.	0.011100518758282552	0.0023746144510786715	0.005563844782067913	0.008007861698296481	0.0013156664285202666
1000.	0.008086826271214487	0.003427643742361708	0.020444483420323	0.11062773985580499	0.025857824539099607
1036.	0.0065765464911622384	0.0036094254619037924	0.01663479872694094	0.05353536122541591	0.013804033569542849
1023.	0.004618934240903649	0.0020429735400218085	0.0046273107064748395	0.019719700083860814	0.0032006674036184003
308.	0.008051672882817162	0.003868222702414159	0.007608848916262128	0.01695260751426808	0.0034179032425312814
1020.	0.007007206983333458	0.004416512141003914	0.016190569288012647	0.05141951913202525	0.0134754556714854
483.	0.006123158533488771	0.0033555563454660264	0.01138013702428751	0.0379197481323339	0.008829986842556932
1224.	0.006358209548062876	0.0016466647979149762	0.004770879232122004	0.016630688559802653	0.002831309506874332
1051.	0.008628046087383323	0.0024455717993964177	0.008958245063477432	0.02363070864785144	0.005647114168412759
1005.	0.004155058918748233	0.0016798845262957496	0.005034823147951112	0.013053236875465113	0.0027002692570908715
1041.	0.01198365491675335	0.0013020353273274221	0.007749058483660034	0.02111174864492904	0.005020225289309023
124.	0.004671896663509423	0.0017539172432217143	0.005973350394906514	0.032101790109614114	0.005424286547178746
1029.	0.007012235071608308	0.002079514539986227	0.0058083548340573015	0.014854570257541111	0.0029914881927489935
125.	0.003764843785684757	0.0017224980714583005	0.005176181735159382	0.024704692223897484	0.004871052389569544
126.	0.004238359309723827	0.0019155320425285893	0.005670084872387449	0.02039092090395045	0.004368407153842276
1039.	0.006053649868488109	0.002313448705080323	0.010891394402991781	0.025991925203566746	0.007681441551210648
627.	0.035498016642036556	0.0009492160887192291	0.008894765411728324	0.027393838808414284	0.006844913477314917
142.	0.005979194265278598	0.002246983936239455	0.005096619106016468	0.014723491486106188	0.002512011050407566
143.	0.004032753450294524	0.002109338921133297	0.005614734199039266	0.024862626695520418	0.004302978060887099
144.	0.005663932928401505	0.0012003082510062546	0.0035818929637719634	0.007958120320860407	0.0015557018869015251
1087.	0.0057063231898465405	0.0031750354551222104	0.008910150459387832	0.024018121207559417	0.0055313274068355366
1057.	0.008670120922523616	0.002562039869997479	0.005755975326242877	0.012327903892098924	0.0022639769415369253
146.	0.004788089047400579	0.0021947971750182482	0.003941995141529042	0.009506167547688293	0.0017166044210909352
1077.	0.004008181684139189	0.0017445531878782505	0.004365220391734595	0.011498197321079484	0.002402685502738041
951.	0.02800709294621695	0.0009455487364710136	0.007415050548687667	0.022201585274033042	0.004691501948318373
771.	0.014161502685408167	0.0022142506012963192	0.005746776385014167	0.013843318978551844	0.0020497244787910087
956.	0.013231077998896335	0.0016457920018353445	0.005894702362660151	0.020863756188758575	0.0033594214252286583
949.	0.010901165857278627	0.0024061385368566723	0.0070323815697450765	0.012696736830159372	0.0024130289945081635
716.	0.022551661725870198	0.0023403799321338736	0.00804888456055733	0.01701507002567859	0.00428729606112526
758.	0.032541380076338444	0.0014847388284848773	0.009768939138089709	0.029045206399407775	0.0067010196192885405
974.	0.007156599477529224	0.002394278169095765	0.0074355133252702755	0.020346233506288502	0.005035354609348391
732.	0.004730121635359574	0.00190943325385462	0.006273811507760296	0.0195296048691872	0.004725111362862478
739.	0.0036902132085172568	0.0019061082069075086	0.003761819132779832	0.007632030544802326	0.001448648360167287
915.	0.008425159106288937	0.00377737841161907	0.00869614418712191	0.023941091102011813	0.0049399885345539195
989.	0.008290319792194856	0.00366558007784501	0.008718867059876137	0.02375382130582948	0.005016501711044921
1200.	0.023538189777684626	0.002243559179912258	0.00853654758112661	0.02073735482524608	0.005486055191948473
813.	0.00808461355434864	0.0032445585625224815	0.007379483835419885	0.016847108514892795	0.0027979922164835173
977.	0.010412228231924003	0.0032296005390659577	0.007007033563016642	0.019744625070910127	0.0029272259406261034
721.	0.006458887740680819	0.003451909982908452	0.006038831235926435	0.010040946485940339	0.0015415679406587865
751.	0.011462695314768845	0.008089515509333345	0.012795811552488564	0.025221345334040635	0.004494654186156306
918.	0.007922385579557267	0.0033693436903177165	0.006784163926441459	0.012368795486181527	0.0019456299579849125
840.	0.02912992121985003	0.0025572567221506803	0.007691040555948259	0.023871626704809246	0.0047334436691286825
740.	0.004886716898365839	0.002229461792441545	0.00477523532618261	0.011554570776772244	0.0022478022629731616
890.	0.004772764420073239	0.0015552868481898408	0.008131883702217265	0.02089245964881825	0.00508143561922841
842.	0.015105539326372708	0.003038004291835872	0.0067712246978855395	0.012239458261415814	0.00255888510140859
722.	0.03259344819129484	0.0023188859457945465	0.00745571142376727	0.01982986863778269	0.0038428584646950513
910.	0.006652124013097338	0.002776673488908865	0.007934268420057976	0.02202424382363477	0.004629705787040004
942.	0.014072740898585567	0.002892219726518208	0.0066839372735495875	0.012168574485035388	0.0022043439677592418
992.	0.007559576304301929	0.003016472836631201	0.0064531487008043205	0.011910844866984238	0.0019246072564770235
1194.	0.009911019946165167	0.003944615791623529	0.009224384112862093	0.022551419014297358	0.004953827780776798
717.	0.014380288388610274	0.0028494452017555627	0.006772499893122593	0.013568904956326788	0.002477763130367671
1207.	0.007636070353764124	0.0017921724937471906	0.008238928447874237	0.019936621188371806	0.004677044855036811
768.	0.014137573827665562	0.0023899895091847867	0.0066809140958493714	0.012239149910344027	0.0028950183975164348
944.	0.006383784480203936	0.0033038739480701906	0.007476458106634691	0.014059628935925939	0.0027686174695748414
934.	0.009890173062267693	0.004746070183328843	0.009756129412883655	0.02061406406930999	0.004305043524725824
766.	0.011687420897245726	0.0017849468034134564	0.00806481411210127	0.022984902212184632	0.004828765598500193
778.	0.011157201359206392	0.003905014417560193	0.008186126663645332	0.017512192756814482	0.0036690709658843738
796.	0.004858167902972332	0.0006764867605832947	0.0043316136218996895	0.00970524919991067	0.0020710898070177824
906.	0.010405404590428824	0.0020751375813046202	0.007097309454877312	0.01965706853345195	0.003464104595491653
888.	0.010692959387953227	0.003793026179268466	0.00856187079109921	0.01919677982326662	0.0038316407226405523
976.	0.01698427723954654	0.004759777957576428	0.0074168796978474946	0.012443823909847329	0.0019025953272870035
821.	0.0073576714533589715	0.003224164298715415	0.006310316889370423	0.012253766036926073	0.002227640399681742
900.	0.03426880919516884	0.0024303351912645654	0.007860428526928066	0.023609610149856075	0.005548803384746711
710.	0.007588102488522597	0.0020348955103735022	0.008507138662534854	0.021654005843408597	0.00472279614453168
830.	0.007619002891510962	0.0023569133691399013	0.008560182363482974	0.02140249277839268	0.004712014039981199
908.	0.009317167216353783	0.0036922172687489097	0.008600261637538657	0.016369297981396747	0.003264337639611225
806.	0.010662800180069487	0.0014368864963604233	0.004073756383415251	0.009371241007509412	0.0017874675227087598
886.	0.013828379039565464	0.0022555879982023574	0.007071989659829266	0.01737664379106596	0.003570210824213999
789.	0.009216577085038202	0.001476862928308953	0.0035451785782676304	0.007547221058471498	0.001638399942736073
943.	0.02405397350059446	0.0031641781561401183	0.007401979298380242	0.01877408420275206	0.003365482986845736
798.	0.005528437069230563	0.0006093370588192704	0.0034821064598380626	0.007822607336245513	0.0017544170508079584
958.	0.0065290140482687775	0.0021420086710444153	0.007086397689859232	0.014249453405761447	0.0030557164430468566
1204.	0.018626426330964452	0.0031959572680959614	0.007943702610812217	0.01630150355182025	0.003381467872173262
991.	0.017219136750659225	0.003177089400862032	0.008193825681780434	0.01603369702586177	0.0036353494837944103
928.	0.01636335406185796	0.0032603511163896703	0.00783903750533135	0.01860144376398809	0.0030820883203015025
896.	0.013018704417441684	0.002964801021418606	0.007363787344913127	0.01585962255938478	0.0025330277903843164
968.	0.019519497405591668	0.003007201820958594	0.007359251953582002	0.02037909946229255	0.002977538871621705
772.	0.012431968834991647	0.0024651658375500762	0.008528867955794545	0.019875416290151438	0.004110186257626167
791.	0.010519028174801992	0.0014133956365111056	0.0033140566710783614	0.011001052539237555	0.0020085192179109318
917.	0.01837978974937271	0.003227073681479564	0.008111777854895566	0.015720548726556705	0.0036021198697863605
780.	0.015637546555285597	0.0016098086565786707	0.008858149405955812	0.0250783112357309	0.005747344999111944
898.	0.006729843585306927	0.002605400192510432	0.008631690808401376	0.021025392295909273	0.004231205029467357
804.	0.014215100941879832	0.0012776419570766917	0.004535902416277702	0.010390775247723583	0.002306920940774075
731.	0.004478416794935547	0.002114276088514333	0.006542870350038765	0.020363153932317135	0.004539827599408539
814.	0.009445563358831954	0.0031520265106902423	0.007527437142156527	0.016812269537687663	0.0031126169656426283
808.	0.00926720980298501	0.001543653705169623	0.004591432448549117	0.009707987263383067	0.001967471538274278
757.	0.011029129625736767	0.006130296320004058	0.011232458074484773	0.02160988962175958	0.003928183472332055
711.	0.007655974268929611	0.0016492850348857058	0.008042017109707285	0.019716740873039873	0.004739405027119216
950.	0.01986100672326252	0.0031359165647110165	0.007884865081465157	0.015405356608494514	0.0032547468529398496
937.	0.007079593408676366	0.002876742810215993	0.006375700329759164	0.01098052930656579	0.00187892399659597
794.	0.010588583507312177	0.0009961652791919962	0.004033920065881584	0.010967205881060593	0.0026207986569279024
984.	0.016911784387800943	0.0032333388635757965	0.007414023430173344	0.016122326526501363	0.0033449360172615196
1215.	0.02073525114374053	0.002121153965995881	0.008428541715175748	0.022549234796420015	0.00436866451124619
820.	0.020783395505186042	0.0032153629385294202	0.007089119533392936	0.016002395344900444	0.0032019879034903905
957.	0.010838318063664754	0.00225869064588069	0.008260985223782139	0.01490990134651149	0.002905455018568453
770.	0.006629735321973751	0.003136824011201411	0.006638157919327983	0.01404655713952685	0.0022730401041091137
1193.	0.011714082989047303	0.004940633164842723	0.010898919482916613	0.022739263984681957	0.004393623166886423
1197.	0.012828495053343603	0.0033141078027054682	0.009232490650429696	0.01567511933718113	0.002771294086841561
752.	0.00892597266063666	0.0037927348023266694	0.009051890124208864	0.019912575513362007	0.004427912296442157
936.	0.01887584653903196	0.0033089264396244378	0.007862379682770228	0.013105498529697002	0.0025274802093589624
720.	0.01271486297642388	0.00268536639106276	0.006705606468773558	0.013655047691591649	0.0027898522452098093
924.	0.009147617916760886	0.002736745291328946	0.008626565318559435	0.01877678032977259	0.0039951247022096455
715.	0.00785757201489068	0.0038973470763288276	0.007645605721932934	0.012755405682751353	0.002299318628315391
983.	0.008541746171638609	0.00387223307123874	0.007775097249444907	0.01301947332885467	0.0024993294222193352
823.	0.014262513421552048	0.003092835223738488	0.007199865596766293	0.02067435180622057	0.0034656628583832104
829.	0.012586213011053005	0.00350085949675516	0.01010390991265617	0.02321596292032968	0.004549076368435702
765.	0.009448465414616747	0.002488113976501838	0.007395329091105195	0.018787272484232953	0.003958451260002181
709.	0.009814425136818294	0.004175648078633576	0.009985392374822327	0.021817482088271056	0.004267817741109623
839.	0.006910446933174219	0.0016848007318635005	0.007159764544709323	0.018952423286563214	0.00427909354771024
981.	0.012237733251940108	0.003998515313835327	0.00923748573105034	0.023445511260571483	0.004410564038250363
812.	0.009490493150259183	0.0031314731479867852	0.007705447724991652	0.015381057011801258	0.002370865611404373
964.	0.008365059146951404	0.00311754351368565	0.008790496882193109	0.018866952205706777	0.004065751645248458
966.	0.008355196785249652	0.0026999754000935905	0.0077641625618006405	0.013914006726047257	0.00310917850016544
777.	0.011794371780849189	0.0030948909520078782	0.008091157232913008	0.02166670246536906	0.004108701233905616
926.	0.01608131055669182	0.0030320023604967217	0.007034261878953396	0.014462693806871485	0.0024185577846571917
787.	0.009615700155774842	0.0017634857981853047	0.005040878316325939	0.011011708316361557	0.002091715903646591
873.	0.00743263142071926	0.0026012667320802763	0.007605242579584652	0.01887885172929682	0.00434150501488337
748.	0.017065638266900107	0.00246236414171197	0.01034417824737778	0.029760014620204833	0.006762826124523807
749.	0.010641664028105513	0.003270544468487069	0.011142592427631715	0.026785094423989908	0.006368034307488876
1800.	0.004905003328870561	0.0015156070912122344	0.005355125902767354	0.024236127439748456	0.004812883341238586
1846.	0.004346285835428176	0.002066048555985356	0.006377969307253375	0.01737855003092792	0.0039817882870698705
1833.	0.004442792935491657	0.0005938233746827226	0.0032489624887943893	0.006891440039803798	0.0014899865235614156
1515.	0.0077355345101221	0.0006753004839545884	0.0033093423768843313	0.007714735892349056	0.002001169823605879
628.	0.015118961304647072	0.0033184385977304	0.008139362653172907	0.014920679108929802	0.0029309932258412817
1874.	0.015317438400861416	0.0034879662480968854	0.009269964208866829	0.022056550364976446	0.004865823656438813
1704.	0.009863520712762641	0.002369015344179548	0.004572704077588305	0.008854755401488168	0.0014208757758658443
1762.	0.010857289004366888	0.001641188708688457	0.005502199455378694	0.013968915686179528	0.0022074704530624855
1888.	0.005686026630047025	0.0011370637540035755	0.0037176439909107377	0.008035572040374528	0.0014871152689718216
1868.	0.009556755890912982	0.002875021459868954	0.007395791404973389	0.024294258072403818	0.004885213740051956
1518.	0.010891368270992796	0.0036983518078052002	0.0070661382158204115	0.013729532613635853	0.0026084068622049886
1890.	0.0048283929696218975	0.0014493410453610966	0.00407209889266292	0.00970548613757971	0.0019084801326238402
1991.	0.008143756425030402	0.0006226956152783902	0.004175314614554388	0.0095986947949116	0.0026370484786688874
1981.	0.01054181019264866	0.001653229455532812	0.00464894282478487	0.007764221579211306	0.001749088405651389
1987.	0.01280570726407626	0.0009458957765279274	0.0038427280182880288	0.011066423844975026	0.00318347318279495
1956.	0.005366021108970442	0.0005209724287262851	0.0027942301028595178	0.005756417064955888	0.001206292958342676
1986.	0.009562794468039315	0.001427034671671934	0.004559469564910947	0.008702405308029237	0.002136495999773668
1988.	0.015765866144823226	0.000844308999623733	0.004766219457914183	0.011847950310946764	0.0028705875113517135
1782.	0.010072668290608933	0.0026440677378004596	0.00515853312033969	0.010949958950543848	0.0018639348025384292
1983.	0.008430240941191491	0.001450003674799083	0.00554130539355601	0.016341323558893617	0.0050545947219881975
1993.	0.007438758035685944	0.0010716790365032924	0.0034381102231904707	0.006076123537109401	0.00146088657361354
1915.	0.0124920157938605	0.004091251044234023	0.008461280744897694	0.014214974536292502	0.002324521273248237
1948.	0.005476472755702955	0.0003736027288341326	0.00373195138507506	0.006714172377492278	0.001707078098766722
2003.	0.01496282892880707	0.004913708654811333	0.009193907096676036	0.014140810601658726	0.0024791418487181173
1954.	0.009582509203681533	0.0008072251924169382	0.0037535637402238845	0.008910741194510186	0.002302585682106429
1946.	0.004595974045847218	0.0006278429484354309	0.003210793424190672	0.005599890165336685	0.0012065072017446432
1982.	0.006043962926488122	0.0012078751646305008	0.0034156234686301347	0.006136515875599158	0.0013829866548020282
1995.	0.008128508963152536	0.000728990459918033	0.0040354131838920984	0.009691552467097742	0.0026566470524722655
1984.	0.008006595479323919	0.0008229742560835751	0.004237138392917743	0.009481184459794956	0.002688133665706006
1928.	0.010298514522790403	0.0050844095603818085	0.009321637629370591	0.015505178094947336	0.0026455050196883293
1997.	0.014141955565012854	0.005273392227495011	0.010419046627655727	0.016795572043746043	0.0024735260619919517
1989.	0.011610548966467737	0.0005470663807120024	0.0036082834281362572	0.007415761896094053	0.0019746241761682696
1920.	0.009101564372747672	0.004755778388630505	0.00813683844405708	0.011491435405665662	0.0018331158374093352
2009.	0.00941278206160423	0.004634931587382929	0.00841062988599712	0.022523561607997955	0.0028456429428372516
1994.	0.006564522925934013	0.001681855831448864	0.0040652742034729475	0.009217174964937791	0.0017632458058492635
2005.	0.01857164242884768	0.004397551567933422	0.008828087446384924	0.01372623937278683	0.002466164369534693
1926.	0.01231754095359383	0.00537700968422683	0.01007567045343035	0.021270258288028643	0.003437034406803587
2081.	0.009017598040409469	0.004268049361175752	0.00778562319385986	0.012490475228430498	0.0018978547924465466
2007.	0.03091576929353901	0.008773371937105146	0.013601743957452072	0.01842840814917779	0.0026860128988961027
1918.	0.02855917157912269	0.006694800500473108	0.012117261808867907	0.017858808909265833	0.0022528316134150144
1958.	0.004928905252476579	0.0012129878578009956	0.0029602874073152005	0.005548583628280368	0.0010599944544430488
2080.	0.022948285476720565	0.008281266220410588	0.011857844741084169	0.016245111887790542	0.0018899258760612242
1924.	0.016898009997500463	0.00634356502784883	0.011908692343620422	0.017763682042953532	0.002960536262584857
2000.	0.029636847699474167	0.006941647991875244	0.015097225174498397	0.025411299486971073	0.004635677639133099
2012.	0.01001648994929516	0.0028784377309548637	0.00815530504631074	0.012454526648461361	0.002387500176007614
1945.	0.012306878833981183	0.0005826024325235046	0.003409452630097369	0.008791953788297446	0.002120577625955219
1930.	0.025397769866959186	0.006367089438941709	0.01154999205051455	0.016185814085350025	0.002403385467695025
2010.	0.01356324629113248	0.007340686402581897	0.01210367064475479	0.016522657850433276	0.0023713216525627387
1992.	0.008364318936133652	0.0005991729867785844	0.0031850493186639135	0.00670976368397147	0.0014160707022096593
2011.	0.02032569343220536	0.005590102258795526	0.011644074054621093	0.021330164695674725	0.00350067329695049
2044.	0.02159622369002301	0.007131810206584044	0.012962368127935841	0.019945972326027683	0.0033649754393349656
2075.	0.010248420965073501	0.005181775412279932	0.007128599784569425	0.009586964878272819	0.0011918506585482434
2061.	0.012542650925997378	0.0031210727588809606	0.006302553022957846	0.01068601650493406	0.0020017817037742
2001.	0.025796248062461058	0.0055814321730996985	0.011301850141533535	0.01575786757844644	0.0027684985975831426
1952.	0.005906171822104289	0.0009193049915252605	0.002778520563784893	0.00640226325234361	0.0014764506531864212
1969.	0.014761052316217604	0.0037336215551584395	0.0075392205738094445	0.014064751457283697	0.0025880094777321746
2065.	0.017220868061948558	0.005147358751429132	0.009410700485750711	0.013830729537405273	0.0022958397456649296
1979.	0.006652335188010561	0.0018007233475623163	0.006145921649991903	0.012183638501570004	0.0026974921857627343
1968.	0.016604186107817	0.003970318427571784	0.010966238226760103	0.025408209308117158	0.006151639503617829
2057.	0.02093202587511611	0.006554881143829405	0.012771035080132448	0.017735764126344145	0.0029088387748084825
2048.	0.024785754133948457	0.0063996268984543025	0.010805343669820718	0.019152448407244282	0.0036630585488031135
1999.	0.012065926667889415	0.0016547488303161328	0.006184928765775392	0.012141512397184195	0.0024768835686167358
2053.	0.00631262696879431	0.001745430592112851	0.005547225752926964	0.012283126351531504	0.0021398077675087203
1921.	0.009195144224786289	0.004553470308953811	0.00790409280893881	0.01312961559669279	0.002104564443661177
1975.	0.01363694195701326	0.0036151561511319485	0.01121678105616644	0.028451886978733243	0.00555939877487934
2058.	0.010181830064940334	0.002645223173889266	0.007772303883909815	0.011241877539437062	0.002423800978287397
1971.	0.007894578772747685	0.0031414213273682767	0.011106018193864798	0.027554917597210626	0.006059164058443433
2052.	0.010911037197811058	0.003927336904800516	0.006164652081136386	0.009401286858314983	0.001225217100971993
1951.	0.005495993229549856	0.0007521708888340584	0.002645310056036576	0.007945482728908826	0.0015627193152156975
1973.	0.014174735599558952	0.003355336883844373	0.0063004321833885915	0.01156001307868959	0.0023230467913126275
2054.	0.01018029216986105	0.006860195422652038	0.013330693922488035	0.020465276214863826	0.003886091545405592
2043.	0.009150208780585478	0.0053815935121706016	0.011208296008875069	0.020605921505792102	0.00391979806783031
2045.	0.02259390375449888	0.004482286797155455	0.008883600666659306	0.013230499395087247	0.0024502690424447497
1927.	0.01801683581218705	0.005358306785410827	0.009329748019329192	0.01675754802907614	0.002587548858533871
2049.	0.010594639813600759	0.005194766760425518	0.007423354639935151	0.011517851467197193	0.0018831900181943508
1959.	0.011552787809793186	0.0010662533064970114	0.003991173872007769	0.009750867408979125	0.002251172081564499
2070.	0.00963780712824458	0.003979172454945501	0.0076470537455489915	0.013250872150664117	0.002325829410016772
2064.	0.006893431053440646	0.0038246050801561404	0.007843801664359284	0.013361293809542762	0.002430633330910287
2069.	0.011627294652127529	0.002448443388295529	0.006442095031066709	0.014328181676470764	0.0024789912452255597
1957.	0.005162596719327728	0.0010969905604507613	0.0032638609628055674	0.006276903845829462	0.0013544400436839702
1977.	0.010429007758862241	0.0028250612300335654	0.007818435131408777	0.01590032481456949	0.002965299339724626
2073.	0.009343491420738204	0.0051178522368682255	0.008141963633192403	0.011033007199469758	0.0013540337882580503
2079.	0.01147258838804055	0.004093175374487057	0.008505075635946864	0.013454006637902194	0.002087651560181385
1923.	0.017094324892986457	0.004097083976949856	0.009053315138282133	0.015248086898674074	0.0028474144225933322
2004.	0.014430969934158044	0.004701824676674349	0.008416080520889588	0.011487379851166546	0.0021631925431335615
1953.	0.004231385239317986	0.0007109551488784227	0.0026718417309828167	0.005596179756398478	0.0014010503720374233
1947.	0.007898818896826643	0.000831367348069989	0.0029191314267348147	0.006872211607254597	0.001483235020062676
2066.	0.012061896374282455	0.0052422647182024384	0.009666652967125917	0.014352892466214962	0.0023557852498979465
2017.	0.025589618310484785	0.005537603264619384	0.011716390762324705	0.02112874273493004	0.003919628766634292
2032.	0.02165922575751955	0.009619452146672147	0.014706871518301079	0.02065631666988932	0.0026958844662744695
2074.	0.015098147341038981	0.0037672374885586724	0.00823447241175748	0.014863260332089845	0.0027112219280434058
1972.	0.018506315178192678	0.004329300449514295	0.010167394847946574	0.018399309960393517	0.0037185181559879626
1998.	0.019277807770345712	0.009232874653549827	0.016072860527148132	0.023767440651496163	0.004071419457626374
1978.	0.02655844637057947	0.005575925536083659	0.011840183110662586	0.025260719016243494	0.005044115067229488
1917.	0.013787071622419989	0.0035390158604921007	0.007897385644989693	0.012926075806477644	0.0024213632251921563
2037.	0.005206912171129896	0.0028268452068865857	0.006027261671132835	0.009340699937558261	0.0017371044361504198
1929.	0.024700210954509694	0.011746629766403283	0.016604032379714223	0.025376373850396594	0.0033933110151895523
2039.	0.015964399144005603	0.006115243475961152	0.01073528833939007	0.01717451555682703	0.002468433745796475
2016.	0.027573735572663072	0.006730496786988671	0.012114849706650185	0.019464392464313973	0.0030962223351236975
2006.	0.013255566530354534	0.0030481317114546824	0.006739661040519149	0.012319482663435966	0.002134595167822737
1976.	0.011506522522129248	0.005472362036442413	0.010526405622561245	0.02039903932101217	0.004042704308485192
2015.	0.019859545399596	0.007924912153897457	0.01191998089490011	0.01596356678495514	0.002376574200462075
2027.	0.01821655578867787	0.004057705480848828	0.011307530679916224	0.01783520660530169	0.0030555769081033065
2038.	0.008538076061446631	0.0034695524981596115	0.0068667279310087636	0.01111580859150696	0.0020067868658388793
1922.	0.015058490512298683	0.007182825452503372	0.010683406427907247	0.017731654059375823	0.0023116556021748995
2023.	0.015809667400564997	0.004983097732880415	0.009710022053329083	0.015782692625073813	0.002676629211612798
2022.	0.008725345466797263	0.004354736291620642	0.0069570741414403964	0.010830602514737442	0.001640967269998512
2028.	0.007893644098774133	0.0032046696056510227	0.0062461924371036304	0.00905998462557489	0.0013020134711734335
2034.	0.008445155187064235	0.004631683646860507	0.007243229421825217	0.009735422312947217	0.0014182837202467958
1916.	0.01443742311553986	0.0051173440491845135	0.008681058004339845	0.012767665173414544	0.0017312755604404963
2021.	0.010590702624729054	0.003640556772200876	0.006663153041026747	0.010264725317527978	0.0015522353043720077
2033.	0.015401130485715564	0.004493875671095826	0.00878862441100713	0.015145081242223468	0.0022929596710726074
58.	0.004541968975749766	0.002894281536420573	0.005538379153588037	0.00863066373196042	0.0016345607476387696
57.	0.020680738034424606	0.0009074741284549326	0.010995529318777134	0.02530698254900643	0.007310535493378457
62.	0.00774627884339385	0.0009345260370775543	0.003873944395205183	0.010041117452334603	0.0021105071578264556
165.	0.06011661613796915	0.002449566047450169	0.0174918703905866	0.06590824252422944	0.012582453785165738