Case_No	mismatch[standard]	Min[mismatch[fancy]]	Mean[mismatch[fancy]]	Max[mismatch[fancy]]	Sigma[mm(fancy)]
163.	0.006276657485653536	0.0038199238412155445	0.004886432190506744	0.005949560456210201	0.0007765255521097774
161.	0.006591273317005486	0.004468406215287657	0.005518801900441126	0.0065667155730372295	0.0007717126904929989
164.	0.005553925102655732	0.003497241836624587	0.004480882798495004	0.0054614896788510725	0.0007176995324885319
963.	0.008818789721120601	0.00683325710044036	0.007825738881036434	0.008816523678313204	0.000732902572273596
1129.	0.004074376412706915	0.0025746240937341014	0.0033182057602500455	0.004059947135656716	0.0005434771173914469
1217.	0.012069119175090126	0.00938108128195636	0.010509013129434757	0.011639963311593116	0.0008227102236171761
887.	0.009529173325986351	0.007382948901807795	0.008330538894307333	0.009292287781253683	0.0006889049123009753
1189.	0.004709625660450856	0.002683238974068969	0.0036160214474901704	0.004547537674470248	0.0006854468225309954
790.	0.005988782033922835	0.0032996025670365414	0.004344575046005386	0.005406445714760455	0.0007690496244233707
907.	0.009095814140499758	0.006995526505250815	0.007902963897359838	0.008806956502079855	0.0006607743314415316
788.	0.00818989033172901	0.005771821152848133	0.006910263510613402	0.008052744925579836	0.0008308238927787447
872.	0.004565472529747261	0.0021191894856948945	0.003128610983850414	0.004140298668559028	0.0007379370750547838
861.	0.006315462187185594	0.003923422162559476	0.004920535056573591	0.00591908155925347	0.0007296102677673094
853.	0.0042203342197560945	0.0020636678431685818	0.0031348523200198123	0.0042027116722919144	0.0007869147061907367
767.	0.007243401646079395	0.005006180720044329	0.005973888564828373	0.006939986905885265	0.0007100142502128312
841.	0.005204391913387729	0.002732870565995582	0.0037015141069635764	0.0046684468695085135	0.0007133062818587279
1205.	0.00557206754324735	0.003265953804597266	0.004302246951377093	0.005352559365809917	0.0007515616865168018
822.	0.010249996495094393	0.007463808705464481	0.008562733530318448	0.00965449438487398	0.0008019333636590929
935.	0.004896323574721362	0.002613199984921266	0.0035509593800503053	0.004488514750386363	0.0006782077882215169
927.	0.008775813530366827	0.006263802616009451	0.007363349879202764	0.008463902078355456	0.0008055704940419547
897.	0.008515225941912341	0.006566326660442212	0.0074507799193734665	0.00834083327399282	0.0006505588024881435
793.	0.0050737053854990055	0.002842337484376234	0.0037711287905799183	0.004698380091080034	0.0006812317117593224
803.	0.005359957601460685	0.0027364703400627466	0.003905415782663838	0.005068621863578926	0.0008571244785959565
967.	0.009935599096619008	0.0069656757056502094	0.008031749624102878	0.009089693089668005	0.0007537713255352432
925.	0.0047273116615486055	0.0024855968023715924	0.0035031498950266657	0.004522397139164469	0.0007382912117059635
965.	0.009432747768050143	0.006573421612364738	0.007691854336164983	0.00882335777026344	0.0008028392749130943
982.	0.0037824589695357735	0.0017954758732779963	0.002784545445011917	0.0037739302595753976	0.0007175143556337171
876.	0.0068802015684999995	0.004590725654324834	0.005610024059461009	0.00662642291296589	0.0007437085252573898
865.	0.005311960173891017	0.0027224235641009065	0.00364360836172457	0.0045631877450657	0.0006812460296340725
1188.	0.0038128368031791204	0.0018853340434134003	0.0028318947871397624	0.003776367157156235	0.0006901808286270941
856.	0.006189039560861254	0.004219975953738353	0.005142985070975561	0.00606508286774099	0.0006777386689596983
764.	0.004914053645985406	0.0026378321095219537	0.003726643854859448	0.004815558350486415	0.0007933261739882471
838.	0.005882991582926045	0.003553275765191044	0.004662222681304097	0.0058062727533237934	0.0008034322682154344
786.	0.005867735863551937	0.0032541231737213128	0.004325841182679376	0.005396106804553491	0.0007771756860740876
874.	0.006196156011149756	0.003908192936540655	0.004882784656990047	0.005850785283034177	0.0006904248955515708
863.	0.007392281747353735	0.00529501975084079	0.006310682806799623	0.007324635866835738	0.0007400396339918314
855.	0.005952625665615607	0.0036546356701708804	0.004630642035248547	0.005593991393176734	0.0006974547577359835
1195.	0.0038111619680082365	0.0017384336808984324	0.0027570574120883836	0.003773690206157365	0.0007364111235284076
3.	0.002240712523244759	0.001201872537265558	0.0017219906919954278	0.00224181051257899	0.0003808433719534982
88.	0.00947169859254815	0.008313067177590838	0.008886191288759362	0.009459125348828534	0.00042281586989989755
1028.	0.005004469774898879	0.003213307959931355	0.004097087712095662	0.004978479699162097	0.00064448712504714
1053.	0.005534912652081392	0.0031154781585138736	0.004159681801608798	0.0052017874861221	0.0007629821484511302
1067.	0.0060331903107778695	0.004004869269647937	0.004993698070088968	0.0059833484713850416	0.0007185422786670534
1006.	0.008179720094043219	0.006236785808082512	0.007200091318550716	0.008163586195281902	0.000711715481181408
1048.	0.004732969625892758	0.002560613848686666	0.0035981594364976294	0.00463431852797036	0.0007550352584411051
1079.	0.00705384656196395	0.004176267915359189	0.0052844607711540785	0.006402737202315101	0.0007912840309628866
1049.	0.004744380200499165	0.0026008385681394186	0.0036387990538390147	0.0046749276558036845	0.0007569955196948101
1035.	0.006233709540344523	0.003655195348502893	0.004741739975774019	0.005826428528394101	0.0007923653290428476
1066.	0.0069518714711584995	0.0050071564215175	0.005951120946462165	0.006891587906914798	0.0006929008576981236
1019.	0.004842129541431817	0.002920765765639821	0.0038265073005830375	0.004730767344692244	0.0006626125435709405
1076.	0.006182567714163367	0.0037593073031998436	0.004727421538755573	0.005695429697347376	0.0006992279041555738
1086.	0.005790472095074772	0.004179186055718098	0.004978111498922638	0.0057740406846218395	0.0005830244383881046
1071.	0.006549718054936315	0.004909661288229228	0.005711265227910333	0.00651157102899369	0.0005891337801108952
1085.	0.0059596394471788106	0.003782458501449426	0.004754913130720348	0.0057248376277933	0.0007118517288601598
115.	0.004322821829312873	0.0024095446971150736	0.003367627131783634	0.0043240879339380145	0.0006926002105865676
632.	0.008052725044066289	0.00455137357670321	0.006044866798715425	0.007532063571097369	0.0010856390229697793
117.	0.0038157623334681423	0.001731497621522693	0.0027865238796323205	0.0038396242560113647	0.0007624907197341424
116.	0.0042483014110662465	0.002324215001840657	0.0032935663878401744	0.004260940628242671	0.0007022889272807213
1042.	0.00692537926701009	0.004562047209123232	0.00569460749207584	0.006841474688215721	0.000833816153301441
1078.	0.0071882782952970015	0.005240445336235577	0.006158276301532721	0.007074258456394755	0.000668917207653314
123.	0.004048756176118329	0.0020001638646538478	0.00303265962065759	0.004063670186836621	0.0007530191823113561
1045.	0.005293707885725474	0.003092687160398233	0.004054338277737009	0.005012010141374201	0.0007068949759921676
1030.	0.008843035515174513	0.006923643311248173	0.00782433461488096	0.008723635716490707	0.0006567061339948761
623.	0.019364106695852534	0.018339898966890367	0.01873191620605692	0.01915738111572507	0.0002823886225227698
1065.	0.007445923580821079	0.005345282420373354	0.006295980978585025	0.007244928599160927	0.0006931504001509727
1059.	0.004005798684177053	0.0021549142562584667	0.0030599658794175817	0.003974665593532989	0.0006592167250719199
121.	0.003896375636969318	0.0020207826221813052	0.00297566586530763	0.003928908784151641	0.0006956954220902427
118.	0.003398966037099882	0.0017433600594586318	0.0025843083765005113	0.003424093337760614	0.0006115609299913579
120.	0.005431515212455107	0.0033573829598678717	0.004416908036281599	0.005474629346122861	0.000765907319298191
119.	0.0035784634132068893	0.001808241692054513	0.0027052051000234145	0.00360070884397945	0.0006548159776758192
1027.	0.00570589386324194	0.0037781793554199083	0.004708305546879439	0.005638517613351324	0.0006794384663948937
1012.	0.0055060620022886475	0.002963180030983059	0.004053023412544543	0.005144698546484805	0.000803083742476477
1031.	0.006452574381315634	0.0046416085387830375	0.0055243105696055166	0.006399802242766706	0.0006445575085333606
1033.	0.007225884493614276	0.0042924401579157445	0.005623086503294223	0.006945679262557625	0.000965145721095763
1010.	0.00856614079690865	0.005858549177440775	0.007007461603204688	0.008159428396406265	0.0008328341676290752
1018.	0.005570157581508028	0.0028425470918120865	0.0039847326284872	0.005126918493759458	0.0008324665316359898
122.	0.004607133464000768	0.0023185043518488824	0.0034704159390639235	0.004620384549905987	0.0008402441388720799
1056.	0.005856047975240974	0.00407271861366898	0.004960536015704688	0.005846194793089232	0.0006476311564081735
1009.	0.006545907260067874	0.004097827876379356	0.005169312418836603	0.006238099955915621	0.0007775507118757091
1008.	0.006636719274407454	0.004325166473954423	0.005449740971805284	0.006571081406460788	0.0008246513444135208
624.	0.00950043475933704	0.007646946712265512	0.008562198349605251	0.009475762993163106	0.0006716226064894927
1070.	0.009797178441583787	0.007378955753380545	0.008400691123419166	0.009422414134662938	0.0007468330776049722
1022.	0.009115114543666425	0.006385116980019534	0.007607044244187521	0.008814922600399178	0.0008761394493325359
1000.	0.008820345746224922	0.007023734250396818	0.007896637362030681	0.008770504524214573	0.0006444674732545744
1036.	0.006837324211844575	0.004912570893982782	0.005781651966138789	0.0066491277903099055	0.0006288511016886067
1023.	0.00377941535077575	0.0018277350527544645	0.0027443208480515085	0.0036590776160858596	0.0006690776156425701
308.	0.0072897461546704845	0.004192047972461088	0.005663877049211159	0.007128217534177583	0.0010661773539043468
1020.	0.007164789293790941	0.005434852447862237	0.006261328063401194	0.007085797238988056	0.0006092766153282835
483.	0.006317525303997873	0.004596539085646056	0.005449363827683972	0.006300902135046527	0.0006298219205017577
1224.	0.00594946955564668	0.0038217405212824795	0.0048761248703716	0.005942542542030083	0.0007687806167902433
1051.	0.005856099704112383	0.0037141025169911135	0.004753365206397429	0.0057969987838298875	0.0007562006872795086
1005.	0.003845434840835993	0.0017900592545136984	0.002739726676750574	0.0036878295504281233	0.0006938180718974405
1041.	0.006068036289842982	0.0038588730154953677	0.004893514975591352	0.005928363461436215	0.0007655071022288773
124.	0.005402391568502529	0.0035760250111139813	0.004481741883891597	0.005383562657631735	0.000655399588202056
1029.	0.006357229485119298	0.004191630054028339	0.005198033362737886	0.006202891444448189	0.0007390141303411037
125.	0.004058450691612037	0.00214616574203641	0.0030691275126677967	0.003990062982296649	0.0006730537095144827
126.	0.004614239590359226	0.0027591447349285536	0.00370404963719397	0.004647417857667757	0.0006843265050674689
1039.	0.005689006118052564	0.0033938083405937736	0.004317046181053872	0.005233286176252738	0.0006757521785484198
627.	0.019910777404943514	0.012509348003981846	0.015803985754733442	0.019074731570601466	0.002353656876823374
142.	0.005273520230604012	0.003308053737922312	0.004245083303612592	0.005183841420133839	0.0006776206044586376
143.	0.003997897342009615	0.0023197309962098567	0.0031216559187211873	0.003922316593520714	0.0005807352314922462
144.	0.004386184458171627	0.002489522287006052	0.00345412967598464	0.004417387066934286	0.0007021017857830359
1087.	0.005590048514676482	0.0037911078473311655	0.004679434523620481	0.005566220755095164	0.000653153346795582
1057.	0.006764293791811649	0.0045219171998256424	0.005590075009209	0.006655871910329125	0.0007643199318814067
146.	0.0038470566222650326	0.001920824712255298	0.0029079718643301774	0.0038934716211403986	0.0007144723726917514
1077.	0.005545118752176781	0.003475062032731069	0.004498501549528171	0.005527839065088136	0.0007463533784664782
951.	0.007454878311209834	0.003982500711707249	0.005171175967692568	0.00635479238001968	0.000864736302995243
771.	0.005975698258675721	0.00349891959541071	0.004566918522094076	0.005630770086872294	0.0007639981284933865
956.	0.00811365514638207	0.006106267574317759	0.007070670766647334	0.00802162792483585	0.000679219705110929
949.	0.014290297721633372	0.010674319514520914	0.011809238254396373	0.012958204650766025	0.0008087912075585809
716.	0.010275259628145128	0.006513984011024765	0.008107932685114888	0.009686195695392086	0.001141734302477588
758.	0.00553605986556982	0.0034960947752915583	0.004380470945534964	0.005263112339866871	0.0006428594430183793
974.	0.007037182085428695	0.004593823150778387	0.005735801943016335	0.006914465563589767	0.0008364936472676315
732.	0.006819128808464359	0.004645053904280494	0.0056232464919770755	0.006600381825831447	0.0007151674411421449
739.	0.004709068188919252	0.002441541974463779	0.003395308017480706	0.004353859625707668	0.0007007175231459607
915.	0.006481719891327398	0.0039475094071944605	0.005074359301412444	0.0062036893182666475	0.0008323813767025053
989.	0.006324147881940911	0.0037911789382487626	0.004923090158939695	0.006051270544416232	0.0008301650361437557
1200.	0.01176072531809369	0.007108535966194429	0.00902865563186261	0.011017799559584485	0.0013786220594119943
813.	0.007154177125431538	0.004205810623138517	0.005559094848774183	0.006915232059104159	0.0009942614575580797
977.	0.008154311191696295	0.00596756979808255	0.007050065100365541	0.008140516403843279	0.0007807498043367495
721.	0.008243941458274229	0.0056947666427143995	0.006821520189407608	0.007959094689870883	0.0008285683676671501
751.	0.014420270191142004	0.012582069272335406	0.013444770416239689	0.014298657013807725	0.000614450992149426
918.	0.012000499704390766	0.00960917963862118	0.010646107804218716	0.01169658128758877	0.0007640994196511117
840.	0.008223090588468818	0.006208790040335699	0.007140763632893986	0.00807509708485854	0.000662746389761323
740.	0.005328123562162612	0.003117208441891006	0.004118776579042622	0.005119894986189255	0.0007380886346360533
890.	0.006537137447488073	0.0042430722960628	0.005339374719584344	0.0064328910769322345	0.0007895359944976662
842.	0.010418725242945848	0.007968167373014201	0.009127314512918457	0.010289083497180718	0.0008432114296647217
722.	0.011419768714001188	0.00940927560361804	0.009913906707675129	0.010400518133514391	0.0003555102937405464
910.	0.0061706301643983386	0.00371008255668126	0.004874712434927309	0.00603767212048667	0.0008342751482169991
942.	0.009655330536429418	0.006614655033976624	0.007834953470371706	0.009028909003831576	0.0008767332296184474
992.	0.011948094555889632	0.009795937592203097	0.0108315651873407	0.0118790646207102	0.0007621417892707458
1194.	0.007460198869844503	0.005010916446296032	0.006160788390009497	0.007321370802933602	0.0008502595201767388
717.	0.009759069354770555	0.007323854639045058	0.0084908266075621	0.009643311443584435	0.0008337865675973631
1207.	0.009762191080077809	0.006908258124112443	0.008110742557449783	0.00931142034650867	0.0008714781048365332
768.	0.009362637324529799	0.006961104505207927	0.008137837491089948	0.009338941199361739	0.0008529393352812506
944.	0.009312782471326497	0.006566568679746143	0.007754983644099658	0.008964558630958352	0.0008568958953589189
934.	0.00876318838558543	0.00610911781634127	0.007286853772050279	0.008455132739345506	0.0008415955385656667
766.	0.008243434522810733	0.00605656545795441	0.00715204979595962	0.008228685391679535	0.0007767123972650759
778.	0.008245855803343694	0.005953907022498761	0.0070415251244792375	0.008128726416331666	0.000796339672409669
796.	0.009754913513828734	0.007130923445312187	0.008432412295052635	0.009719633744175615	0.0009506051218583181
906.	0.011481882567655366	0.008008902677858143	0.009441940735185709	0.010882201200279495	0.0010231965435799622
888.	0.006828418743200393	0.004671012364325766	0.005679269112898609	0.0066801579314073045	0.000737014185276762
976.	0.009239998506149982	0.006751158733293017	0.007916743293332742	0.009063431215141304	0.0008398225497912597
821.	0.011740466384873693	0.00910850123290241	0.010174879759604263	0.011255990640282265	0.0007829792481269446
900.	0.0079953630786046	0.0054997116960590064	0.00646921038851462	0.007441672475831718	0.0007021488203611503
710.	0.006770297415384596	0.004402746539597491	0.005543303963395252	0.006758823382625012	0.0008400715790664628
830.	0.006536229367961277	0.004190287170583118	0.005331344767858655	0.006471812493395901	0.0008399122542089152
908.	0.011402735786444018	0.009451628914644128	0.01037826325246737	0.01130483524200343	0.0006792126562547713
806.	0.00663335432698664	0.00397096039757272	0.005159334401018657	0.006341152777528669	0.0008634288364797327
886.	0.012954813846384305	0.010393431255415364	0.011526742071969893	0.012660814629792405	0.0008104973143658663
789.	0.0067526684915441	0.003630488559354661	0.005074195758808371	0.006523928944470181	0.0010560389879661852
943.	0.0073460463427250655	0.004872263879110217	0.005960456795125648	0.0071103231888463014	0.0008085083126643744
798.	0.006755226677363613	0.003834264793054598	0.00527043768890735	0.006744143500948985	0.0010592354337385147
958.	0.00892065101754791	0.006273547387372624	0.007490676345569766	0.00871361968447082	0.0008796236722692688
1204.	0.00826696434025076	0.005873185544536863	0.007018245490371709	0.008145235838197151	0.0008141381241540939
991.	0.008312665340019842	0.005216588498468511	0.006668182929756768	0.008114020166250402	0.0010680225759293871
928.	0.008379616424033398	0.006528339457062549	0.007492303187700127	0.00844406309327872	0.0006837223657692573
896.	0.012427942965214656	0.010185407357100051	0.01126203072033137	0.012327281603513263	0.000770300077946959
968.	0.00851481902545237	0.005433033553858713	0.006473605399177089	0.0075105596321861645	0.0007601035918573086
772.	0.011398301055576265	0.008444371604088508	0.009767212940918995	0.011069091052795743	0.0009389265926977332
791.	0.006121756617454288	0.0029367279522115597	0.004220428058125915	0.005503751936247414	0.0009297574082183468
917.	0.008330846291898286	0.005183414733664571	0.006645242131010698	0.008108648066839308	0.001065787668436412
780.	0.007396543657307353	0.0045217132111143865	0.005769132285866682	0.007017470604771758	0.0009038494977762193
898.	0.008069518952509624	0.005728301999379792	0.006814805634536725	0.007902028489863988	0.0007986076367473849
804.	0.006486397101938657	0.003642731675865596	0.0050465636606722136	0.00648168625444856	0.0010317261884169302
731.	0.00444707502780195	0.0024483573888510746	0.0034387103713525474	0.004427648315776911	0.0007262800156965573
814.	0.0110186721026313	0.008053525044602328	0.009452171494649199	0.010856007934762268	0.0010292530535992125
808.	0.009341418867363172	0.006469326222323213	0.007872565891447934	0.009256508196430868	0.001026637196521963
757.	0.011996916745618758	0.010096658471810849	0.011024922890122323	0.011951934983784551	0.0006805512634290949
711.	0.008146708466260422	0.00559370839312856	0.006763407374174428	0.007930840414980267	0.0008548995632690651
950.	0.00946708020875886	0.006950005433236428	0.008076588765597066	0.009232617032947088	0.0008400639987838363
937.	0.0063062255732294625	0.0042487423951852454	0.00529681251212733	0.006357326462487989	0.0007639170884334572
794.	0.005418818733502695	0.002866574202741168	0.004083499169390886	0.005296422754753616	0.000883670975387218
984.	0.008779250822442464	0.006473241582586442	0.007569879177917032	0.008674853720469944	0.0007871609777754299
1215.	0.01178265631122588	0.010186233892690577	0.010726360034110911	0.011311748061607951	0.00038481380684358914
820.	0.00699512738045327	0.0050651388717942725	0.00599176942090243	0.006905098690806244	0.0006708765945852266
957.	0.014312992145145809	0.011574586889027905	0.012740186304919758	0.013921591167456948	0.0008333385764602636
770.	0.009303245277513028	0.007202601019735799	0.008236916310768774	0.009275052888132351	0.0007593428974864515
1193.	0.008610290693229494	0.005766078580041523	0.006991026260731006	0.008191678393975055	0.0008730404780213023
1197.	0.013400473879793484	0.009293137929567763	0.010412775264840976	0.011513374807677224	0.0008170911415669588
752.	0.00873121665871468	0.0062498792586251906	0.007211157648575164	0.008171690392365427	0.0007078729002957972
936.	0.010222431135352927	0.0076396975133825595	0.008722056674941197	0.009812032091562117	0.0007840527731099852
720.	0.007905346970852767	0.005660475305882651	0.00674560590186399	0.007815008630053022	0.0007695503155991777
924.	0.010875003622022206	0.008128898343961799	0.009283028567490626	0.010463665845706238	0.0008451726389262495
715.	0.008835361693892874	0.00558135164717477	0.006697303355045193	0.007816816624456435	0.0008181085053808583
983.	0.011265759421927646	0.0075009769233945756	0.008603186369432806	0.0096787718182747	0.0007944794478445291
823.	0.009045976240135811	0.005358679570668379	0.0068596273137605445	0.00829398929392855	0.0010515754774036068
829.	0.007308415333082685	0.004977128435583622	0.006060989393764836	0.00714966324995403	0.0007882164654880965
765.	0.006511058400007319	0.003724739613720107	0.004893547701746707	0.0060418030065712	0.0008412020804291398
709.	0.007540279901048885	0.004881897248671496	0.006051999684659327	0.007207995320506089	0.0008469354995026099
839.	0.007214867161002725	0.004232699141894725	0.005381149991564971	0.00651774286386142	0.0008306611293985603
981.	0.00679254989345357	0.004097861792246804	0.0053108793401198725	0.006509164016432534	0.0008701838956184693
812.	0.012930764268096029	0.010399710413362628	0.01131367526681731	0.012229915577705253	0.0006646822809168448
964.	0.01053443716228919	0.008169456240575523	0.009332096082697942	0.010494784715775585	0.0008473442738982306
966.	0.011159271802174131	0.008758680516529394	0.010021188698132597	0.011307456033531671	0.0009092020675732649
777.	0.006080302977154783	0.0034205888200882217	0.00466279762570528	0.005886962428827469	0.0008914533714145577
926.	0.009325143925699053	0.006962836575913456	0.008067634304405198	0.0091802642053187	0.0007862870111705712
787.	0.010595966606776641	0.007441938041156004	0.008953102614189665	0.010486274416313779	0.0010927476042412708
873.	0.007968494906292478	0.005575107139838331	0.006713600709086413	0.007857346572721635	0.0008302469106150954
748.	0.009606607886483709	0.007619770279961302	0.008519263849015725	0.009417480315911164	0.0006631752599370778
749.	0.010534238220850423	0.00850317924624433	0.009402702115966695	0.010308966081039483	0.0006520310443993566
1800.	0.004541940266855615	0.0027469268308195627	0.003625582629531982	0.004503123493323491	0.0006390377930203422
1846.	0.005478739934236421	0.0038464847146206793	0.004645708475324906	0.005443267943928021	0.0005900662646491791
1833.	0.007451582975252502	0.0048370477386011634	0.006140607262928773	0.007429613339898222	0.0009514418787433937
1515.	0.005496193372306224	0.002721548566682608	0.004071391163585968	0.005415698905532507	0.0009824981125145307
628.	0.015377280498611534	0.010577846797102386	0.012976514536877886	0.015350242832787853	0.0017271807424750916
1874.	0.008324363525485046	0.006288750401412968	0.007271743951437045	0.00824794836086784	0.0007135215536720312
1704.	0.005277395400755003	0.0029872113451547833	0.004084564673237663	0.005187134458499054	0.0007879129324127308
1762.	0.011927700696211407	0.00854256201323944	0.010166858655286656	0.011775654055336315	0.0011485155982208879
1888.	0.0076101918960235215	0.004638641547423328	0.006074574080953822	0.007518790990221014	0.0010476315443212212
1868.	0.005774323000620751	0.003868214887635224	0.004813894486974438	0.005763335137760395	0.0006922714945676359
1518.	0.008502187654871651	0.0061990501646617124	0.007284376291905138	0.008369985993759599	0.0007766814318397147
1890.	0.005328761177717967	0.003331935635014882	0.004301296217575407	0.005262477661970855	0.0007022939328564593
1991.	0.028608518630090618	0.011625806901738533	0.014580250814139514	0.018234554602953867	0.0023726300237370806
1981.	0.023015670898891227	0.011087028491566953	0.01576044807319727	0.020184038849154096	0.0030929892400462992
1987.	0.03793250511162316	0.016334078576358158	0.019028328792406186	0.021615187229429678	0.0016693584819857355
1956.	0.004821403907408706	0.002561455366363319	0.0036741588370865284	0.004783573924188822	0.0008123610590137764
1986.	0.02639038153682194	0.009213971709430946	0.014119591590089367	0.019790617471736938	0.0038084342678970967
1988.	0.02304189696017922	0.00903579721023906	0.01303093428915498	0.01846668168748178	0.003478065304215922
1782.	0.026648337597888982	0.01127952886650363	0.016549577872427817	0.02196264373399448	0.0037796480286953903
1983.	0.035524774528765346	0.01690811336188658	0.018365336152801098	0.01925230988558957	0.0006900381629491389
1993.	0.026627027129621728	0.015015842234833543	0.018166247977086335	0.02236003356176508	0.0024332885166156795
1915.	0.016821958227067668	0.011097639761634248	0.012899941402031146	0.014722188344323706	0.0012909112154152896
1948.	0.00870578277104761	0.005842714201955368	0.00711268042854985	0.008376895571802212	0.0009211374224355651
2003.	0.026474890025469433	0.01662190878400782	0.01869489104807364	0.02064675008060679	0.0014487808048910054
1954.	0.007916386094576233	0.00450146738264956	0.005946506061193082	0.0074472168883426	0.001029274168620695
1946.	0.0072606112466718775	0.004779156630794645	0.006012967240490272	0.0072570573762559265	0.0009011948956221955
1982.	0.04151810158999891	0.012743876948181687	0.020040941753730956	0.029427330904143845	0.005841747322176428
1995.	0.029408542254703907	0.013054752387833601	0.01812651067184593	0.022997190975478587	0.0035611164227128014
1984.	0.04326935400762355	0.01038817588929275	0.01530096098168022	0.02098710614886512	0.004149512244463026
1928.	0.018123567763528636	0.014885336223802614	0.01646784262014835	0.018071902015063035	0.00114212454880748
1997.	0.028908936056520673	0.020182319842431018	0.0217264625908552	0.023052821546103552	0.0010456060542034405
1989.	0.035059938606040286	0.014385468478818164	0.0173035397153877	0.022474468902668354	0.002464453550743153
1920.	0.020236668120809265	0.012672985758379718	0.014111995800544458	0.015408161747423654	0.0009877571663595328
2009.	0.018767680197390946	0.013698529062069476	0.014934808009230523	0.016250404618586844	0.0009217182872884708
1994.	0.0333859678928391	0.010647485227960884	0.015387070664342755	0.022467019461408944	0.0036996890430917293
2005.	0.03252207692484854	0.02067786545399075	0.022882801185202497	0.02531177706321175	0.0016559099111877413
1926.	0.015128755677962902	0.012477373317337448	0.013810773844617933	0.015122706076219017	0.0009707843678566914
2081.	0.015725086982454672	0.01132931380139457	0.013193315917541335	0.015048621627839376	0.0013693394573150186
2007.	0.026888623924292365	0.019329614157958752	0.02148285766735403	0.023742588690157107	0.0015726993579029316
1918.	0.03270599971653332	0.021713851102162174	0.023319837067173037	0.024816465923984565	0.0010716501261012115
1958.	0.007255107916381287	0.004954033932689339	0.006106264063963471	0.0072550382815551595	0.0008339757794067654
2080.	0.030443596489023284	0.023148983089628095	0.024666536505967084	0.02621760412560492	0.0010967853276469546
1924.	0.03728226572031812	0.023284620565874103	0.02563495166228566	0.028167564979683868	0.0017215284914761436
2000.	0.03000882519977921	0.026551962832648934	0.028213805240608895	0.02990642477342531	0.001206837634837889
2012.	0.013930774020948333	0.00900587112311424	0.010884471041119387	0.012722761032629815	0.0013342841337876184
1945.	0.008975593452109187	0.006552707647637157	0.007700609479296453	0.008857031755508449	0.000832330353709655
1930.	0.029499368059834552	0.021823671826378566	0.02375225561207495	0.02562006296319208	0.0013836775496914885
2010.	0.022615557410047837	0.015249464254815104	0.016934079383131965	0.01875788657271149	0.0012523855163297398
1992.	0.02816349839822818	0.011117872745025958	0.016324599756187993	0.022049806396230442	0.0038735180995069338
2011.	0.0194671338970841	0.015439563777473908	0.01657391765759954	0.01769411158066747	0.0008017417952422952
2044.	0.022538132788881615	0.018682063579019692	0.02042203797143448	0.022071185774594992	0.0012232472738640985
2075.	0.020633838090495904	0.014674637299342042	0.016224961928259597	0.017577295392213643	0.0010299005021918769
2061.	0.01831823135966848	0.011803923721859788	0.013947706701871797	0.015862452653398806	0.0014698272313197177
2001.	0.030399176184036314	0.02236921346503873	0.02310829601818851	0.023896346378045608	0.0005451606937239155
1952.	0.005898266749009506	0.0033467571265944907	0.004609492883669107	0.0058724769841344004	0.0009265010359159884
1969.	0.007554016121809726	0.005207622427925829	0.0062697931015722845	0.007325209949069045	0.0007716810707847514
2065.	0.031188287886187438	0.021154604355001938	0.022767736670095212	0.024064583882055568	0.0010971722361096882
1979.	0.01012554252097897	0.007866560342402407	0.008824984164629528	0.009785107892601785	0.0007055725455021231
1968.	0.009577343776460245	0.007178172817814299	0.00818208651546429	0.00920953032543792	0.000737468450253766
2057.	0.04474600787537042	0.029327172589347694	0.03197449832453891	0.03490340977547768	0.00197213316772766
2048.	0.018870837256386497	0.015250881259787463	0.01691435864958049	0.01859097217279393	0.001194226246813224
1999.	0.009089920771315207	0.00530833303101319	0.0069040500177037015	0.008453900852428697	0.001153816211942363
2053.	0.02376012908304581	0.016937585311419645	0.01889501131922896	0.020630148587047037	0.001375411550480719
1921.	0.01630278303859034	0.011869518093459375	0.01369414376853668	0.015508841621134972	0.0013227460094037994
1975.	0.007248386360780734	0.0050487875066216326	0.0060463381713645415	0.007069800249828617	0.000729961466349596
2058.	0.015278115286242677	0.010809449362309431	0.012800804396592322	0.014793432235625348	0.0014433813607573546
1971.	0.005347891233980828	0.003293593695642749	0.004215871995721263	0.005136484595503532	0.0006677430173228239
2052.	0.01724941477590003	0.01076050952826857	0.012426118870699297	0.013978931058836741	0.0011572304279981586
1951.	0.005343204844864724	0.002809276554237461	0.004060512250908678	0.005312029274337937	0.0009058994831585649
1973.	0.011704334915780601	0.009087213527761318	0.009888926360265563	0.010694241176283925	0.0005793182921785597
2054.	0.029179479043594858	0.021358148613602745	0.02273353908066144	0.023549908763885852	0.0008195825138932315
2043.	0.033658657413574766	0.024394858074943016	0.026197303851849374	0.027220485311121645	0.0010076840418793511
2045.	0.03894844701118938	0.0277759544812487	0.028672036016225543	0.0294082356678248	0.0005734644647948694
1927.	0.01620754349471709	0.010780264368289383	0.012510504530392217	0.01425829856227867	0.001250381665896243
2049.	0.013617917423947246	0.009434105547381444	0.010810016839618197	0.012200464796395472	0.000987468671653673
1959.	0.00930366862678711	0.006888129646757668	0.008062963692372057	0.00919522989474375	0.0008326663726779682
2070.	0.013819984667007956	0.00967120315111114	0.011377988777130778	0.013089491249427376	0.0012598088718202107
2064.	0.024398487912170697	0.016429283521094518	0.01729160564281262	0.018083542227356197	0.0005816721992210435
2069.	0.024456343725034024	0.013807271331086945	0.01650746542980077	0.01925373690319765	0.0019715289279308005
1957.	0.009003097943320104	0.0066750652384968134	0.007815575074066399	0.008938997336470855	0.0008249210106031248
1977.	0.010737854465874719	0.00839455521000576	0.009381374496033592	0.010445082224159963	0.0006780453739866838
2073.	0.0225623781650387	0.016590952166177786	0.018336251289674615	0.020153241637397956	0.0012955891315405597
2079.	0.017988635960748733	0.014032560420051299	0.015725752879543697	0.017417002607546528	0.00122294337734135
1923.	0.025581859711469646	0.017735310481577393	0.019962260926967144	0.021716211455042322	0.0014581607914931273
2004.	0.017021360267917007	0.0137247183555681	0.015262569523357422	0.01680569860606751	0.0011095123175340045
1953.	0.00637689435495159	0.003845850778475768	0.005073211508127033	0.006296684129218022	0.0008912140097399158
1947.	0.007057995199211242	0.0047517132633864145	0.0058979715081892625	0.007035537799976899	0.0008221615974970314
2066.	0.019986274229032208	0.015380538157738988	0.01660153973744664	0.0179044780276566	0.0009170384641293746
2017.	0.0221097310898537	0.01903518068385701	0.02054270926399121	0.022034453526756925	0.001076057517110636
2032.	0.03580159226963131	0.02814893151981923	0.029417661541117177	0.0306662679429911	0.0009099045719914192
2074.	0.022336458815453986	0.015635135933750988	0.017716435204817027	0.019554922427882482	0.0014095493841880817
1972.	0.010696339645970276	0.008376266402134402	0.009256692557915738	0.010139197348667084	0.0006325847246709941
1998.	0.04213153107530909	0.027395887841212607	0.029673781205296408	0.03247752228051437	0.0018144890072091025
1978.	0.02176404997501602	0.01887188691590158	0.01996327504387372	0.0210465301993763	0.0007831752823884793
1917.	0.026112497484736985	0.015986979085363284	0.018352205664349575	0.020649184808048004	0.0016838001130890883
2037.	0.01181567888585433	0.007550999316283891	0.009304045720473516	0.011075197925458302	0.00126100274811067
1929.	0.03531392376012543	0.02853924085120374	0.029543384914682898	0.03051855305653095	0.0007297633869770211
2039.	0.033495132652585524	0.024230462823197185	0.02632074444329511	0.028658926074929703	0.0015747742084917951
2016.	0.03425394241778057	0.025083172300289336	0.026514148716266048	0.0277307857973611	0.0009309770177183484
2006.	0.01185932886206964	0.0073490473940882595	0.009013550277175295	0.010657524556232367	0.0012175309027594825
1976.	0.015523496005214299	0.013723549105722044	0.014608446030644049	0.015500163022388769	0.0006409619102801776
2015.	0.030445051561212688	0.02406961533941554	0.025014868619993583	0.026048349673470028	0.0007328071755802444
2027.	0.02958623928594284	0.020957048774266407	0.022585700738845	0.024027256744185266	0.00112658969252614
2038.	0.012064200280243353	0.008093827601562853	0.009870737498235123	0.01165783932707165	0.0013151426718799662
1922.	0.021405426292947283	0.016395289780583133	0.01780566389942591	0.019209469725333772	0.0010051734102228117
2023.	0.024891429915710583	0.01922373795481891	0.019510339146918642	0.019795768192298335	0.0001828644235334518
2022.	0.0221711387226321	0.014992904763597048	0.016415284258279757	0.01785837111470512	0.0010326381115104927
2028.	0.014532630846859629	0.009268769873601812	0.01097636573948707	0.012612367490650978	0.0011972223489026454
2034.	0.02005463264555396	0.01367821630886179	0.014588790271195865	0.015399925453951857	0.0006220869299817509
1916.	0.028646243642434288	0.01962779047458829	0.021109296372553068	0.022370143921911945	0.0010243313604780702
2021.	0.013281702750503666	0.008567070009097177	0.009978650482506663	0.011420810222104949	0.0010487158698716588
2033.	0.02804402409426021	0.020030287082323017	0.020576774821340953	0.021013645981419415	0.0002916796510619178
58.	0.008844348023104076	0.005798226674799234	0.00691649903911	0.008033950279202506	0.0008014370755223509
57.	0.034157035474832176	0.021984977212482937	0.026892221127664456	0.03169037777534667	0.0035426151719769685
62.	0.021428750952375175	0.01017754681280636	0.013512047099079903	0.016159733542746024	0.0021645471830847
165.	0.0870028373056213	0.038525288500503296	0.060827406364302186	0.095686751273794	0.020927864872370142