Case_No	mismatch[standard]	Min[mismatch[fancy]]	Mean[mismatch[fancy]]	Max[mismatch[fancy]]	Sigma[mm(fancy)]
163.	0.00818209411779569	0.0043238517311423585	0.005191098574205966	0.006056205288825001	0.0006249791632585949
161.	0.010669925455130347	0.006226564622782704	0.00715638578863063	0.008085229375772052	0.000678443083303138
164.	0.004177894941228888	0.0022699365696238205	0.00263796329079636	0.0030142303480380495	0.0002680824090457484
963.	0.005965070356079294	0.0023634977886987096	0.0032318138833373226	0.004099518479454334	0.0006219646420591997
1129.	0.005057937058819295	0.002051661307674535	0.002767397473895864	0.003483021780643858	0.0005131877563615359
1217.	0.026387550352534928	0.020666227508970625	0.021399383953028452	0.02213263844928981	0.0005251121129442731
887.	0.010967008571478809	0.008540272244618619	0.009034613658506288	0.009516474541834907	0.00034963289317317225
1189.	0.005434661303103994	0.002469107988015473	0.0032551432801474316	0.004040499463391578	0.0005627491788892407
790.	0.007695548715333178	0.003099249127073711	0.004105872839877609	0.005110945542434742	0.0007213110514251894
907.	0.0015650624308390926	0.0014328038735408333	0.0015734588482266144	0.0017977114212132106	0.00012437304353563457
788.	0.015937435770673747	0.010962673779520093	0.01189924812902948	0.012833330311612157	0.0006738978673484613
872.	0.005038432495365619	0.0014767344050707898	0.002307481853577492	0.0031366156901626585	0.0005946978229228667
861.	0.00566946339683716	0.001963294166850593	0.002797801053216383	0.003632720339249107	0.0005987149976240574
853.	0.009519071545773805	0.005536916257655844	0.006526065773477118	0.007512527205440933	0.0007109676381878535
767.	0.0056085042512779015	0.0027190489178431365	0.003583953511452977	0.0044494521397584474	0.0006199080023323524
841.	0.005655246485583798	0.0026844713380672625	0.0035552938845601597	0.004426240781765234	0.0006244491447763973
1205.	0.005471794665281249	0.0022228424511374634	0.0030742437643045775	0.003926053562556264	0.0006103952491344347
822.	0.0170476191802178	0.012913714427874146	0.013882807269813943	0.014844470636469653	0.0007011084382023698
935.	0.006035122957872674	0.0023901133268445784	0.003220294470415764	0.0040500864180705864	0.000594228687238784
927.	0.01856663051241958	0.014205213346029866	0.014904233591094183	0.015605786623444917	0.0005036851753465017
897.	0.005813456273797368	0.003937472208456305	0.004307824219714194	0.004666980185079717	0.0002635286915503883
793.	0.005949841633324682	0.0020540434786815442	0.002978940758116256	0.0039028740468572964	0.0006622786722060919
803.	0.010482953896478686	0.006226884063879834	0.0072702943572589	0.008315947622285935	0.0007598678838502662
967.	0.013208913659518706	0.00955302410926917	0.010275291590264048	0.010997666275314066	0.0005276485867529998
925.	0.007558942696898385	0.0037302564769610136	0.004662729569039363	0.005593514193671378	0.0006689727285425766
965.	0.013347069199240447	0.009573002240700679	0.010456587952624528	0.011337062387084984	0.0006313638994282294
982.	0.0050042009556638956	0.0017469624432437936	0.0025534491105663405	0.0033599939014054003	0.0005780891179284652
876.	0.009078668149858249	0.005250776952098968	0.00616567870558641	0.007078431381393191	0.0006538672506890036
865.	0.004786961644347665	0.0013699697896474294	0.002192753086096743	0.003016114955277316	0.0005923001330201041
1188.	0.005872581450785952	0.002508124399395295	0.003302196992906538	0.004095339538877307	0.0005686992522058805
856.	0.004883705075088618	0.0013525617374076093	0.0021567658984729993	0.0029609420574324696	0.0005768806964213254
764.	0.007656628506297558	0.0042384583803215525	0.005139761215717768	0.0060384187391384625	0.0006516702273410118
838.	0.007466281749012205	0.003987298593683408	0.0048849050610126395	0.005779983794537813	0.0006499312797406676
786.	0.007418011522169032	0.003682614890457514	0.004683281040179653	0.005681779259315678	0.000721934675970703
874.	0.0052286294542842615	0.001758650325623834	0.002546545362646839	0.0033349709501775404	0.0005647833404942124
863.	0.010122088095915083	0.006590238519901481	0.00735119645570247	0.00811103184549733	0.0005531097904555557
855.	0.005014685698027765	0.0015485058286480724	0.002309385677172828	0.0030704487382929857	0.0005446105132346665
1195.	0.005244340436981854	0.001779319985908412	0.002626833404225918	0.0034736951027384277	0.0006095772406387915
3.	0.0027734844071373166	0.0010071170897367754	0.0015137813260059521	0.0020202241335690596	0.0003647518406003931
88.	0.01146556944545618	0.008702568559905699	0.009244253571726847	0.00978553004440852	0.00039786512692242603
1028.	0.0015019834422090872	0.00144840668161339	0.0015411931551300505	0.001652480455812233	0.00007165483321079515
1053.	0.00662382880857848	0.0032181058039914	0.0041414757787092615	0.0050631112909234055	0.0006628933073552799
1067.	0.006336596943442907	0.003296328762390166	0.004002735729568163	0.004704190495638527	0.0005034025410640316
1006.	0.00475465874902159	0.0021758891375532885	0.0028869299479702243	0.003596436439031736	0.000512039455513888
1048.	0.007013101417612466	0.0031600491456239554	0.004119675756648445	0.0050782268366772465	0.0006895864905789721
1079.	0.008075969802554428	0.004162386661647033	0.0051578425329062505	0.006152255532981599	0.0007142435337203494
1049.	0.007479397793376696	0.0033809845620784706	0.004385409733034539	0.005388129627747373	0.00072334522437489
1035.	0.008547987258885947	0.004129656063072473	0.005130462175389779	0.0061296247210762544	0.0007216605155089471
1066.	0.0052406103307035545	0.002126993451955217	0.0028562734491959308	0.003580747309463006	0.0005220468817105942
1019.	0.00392663384055314	0.0011606351120607705	0.0019015508068883848	0.0026403301909605492	0.0005304017302889781
1076.	0.006660089501637212	0.0031585777751867994	0.0038037846593451346	0.0044469930303351335	0.00046087076092186257
1086.	0.0039025271841378606	0.0018326619485183882	0.0021688042026935237	0.00253322918405674	0.00025077212183981446
1071.	0.003366172917198096	0.001220790103166558	0.0017949500497985108	0.0023640055865026266	0.0004128331268138543
1085.	0.00600117680463963	0.00224929380558192	0.0031287587927905382	0.0040075634917855485	0.000629147109963303
115.	0.0030353555299401647	0.0006706188954376247	0.001246645927317425	0.0018313361528875527	0.00041769878762571946
632.	0.011570685576033801	0.006957466226380604	0.00830311479451165	0.009638401978648736	0.0009584472228669244
117.	0.0038322927390266326	0.001319498085161075	0.002026748990325495	0.002743831816295894	0.0005175297121296776
116.	0.0020417539134675033	0.0003099582008948554	0.0005952098142952807	0.0008992549416115825	0.00020963149388496618
1042.	0.010455175046906406	0.006013977771290202	0.007098826163015078	0.008182295979912935	0.0007841086551924114
1078.	0.007177123097863558	0.004571952502434473	0.005156154152234622	0.005732986273922824	0.00041558215023309843
123.	0.004158708822330381	0.0011108832590609463	0.0019046113819140987	0.0026967805058378813	0.000580649535137249
1045.	0.004484481650338545	0.0017632825896112259	0.002671212591754124	0.003577832205705289	0.0006492507721966028
1030.	0.002353759477335071	0.001604291530899249	0.0017760916943588198	0.0019428077162485513	0.0001243710839875315
623.	0.058397454960191	0.05416917901233098	0.05434849612205596	0.05453738928516694	0.000130617612103653
1065.	0.005170539241842076	0.0018797368484932964	0.002731785368227065	0.0035827525817891948	0.0006098172058774467
1059.	0.0020228320181117088	0.0005504108173548516	0.000736723085488143	0.0009613343802851171	0.00014875017441797926
121.	0.002702371903313572	0.0007845227769516239	0.0012613008143413558	0.0017713443712924493	0.0003551298778018728
118.	0.002665987397307057	0.0005089040104917508	0.0010292647831544519	0.0015685221422625517	0.0003731379530335747
120.	0.003840517024726764	0.0009694277622084302	0.0016856493021747225	0.0024064206592878667	0.0005279027753852387
119.	0.0012922658794413122	0.0006280327149555953	0.0008255856364311106	0.0009583190781233819	0.00012292571647823627
1027.	0.005427673941261868	0.004136549401759004	0.00435344928399213	0.004518118370869351	0.00014061301221486854
1012.	0.010499874014956667	0.005357031963076131	0.006292077133532023	0.007226506575932157	0.000668933325250823
1031.	0.002165982809979594	0.0018069912204616845	0.0019320411848487587	0.0020586259824041386	0.0000800399454206905
1033.	0.014112291621355744	0.009163696825579715	0.010350068743581051	0.011539434849330954	0.0008544778330094859
1010.	0.015228749657530516	0.010682282195278558	0.01155686459676076	0.012429447612439248	0.0006254353862785552
1018.	0.012041606852250641	0.00748886319106612	0.008520113025694451	0.009545296158020689	0.0007389003987400664
122.	0.006473987880915022	0.002403113759907427	0.003475360927437615	0.004545749132993104	0.0007711889289316266
1056.	0.002900433030608607	0.0013134695100366356	0.0019527688628052573	0.0025931367653999615	0.0004630085210927003
1009.	0.008705022157451725	0.004858388453619522	0.0058711065996951365	0.006882163440730116	0.0007353157328884584
1008.	0.008672161097912578	0.004304540244409738	0.005368893114556313	0.0064305147627421455	0.000765624603295192
624.	0.004870062478624426	0.001765022924084425	0.0025294499751987985	0.003301501246493199	0.0005458791978532874
1070.	0.007775135148616497	0.004414406919056035	0.005286596663355297	0.006156802204105305	0.000623879815707179
1022.	0.011201820108233451	0.0060592214850641035	0.007234610769339498	0.00840164440156721	0.0008484718459954237
1000.	0.002361606169676289	0.0010629633568958186	0.0012357196719978622	0.0013922113210508291	0.00010386980836354146
1036.	0.00375122396514993	0.001705550648096632	0.002279380876019083	0.0028606707049767532	0.0004208813770140188
1023.	0.004637987022475865	0.0021808074130797994	0.002932692549411002	0.003683542071165502	0.000537657387676488
308.	0.011483524708082893	0.004989411600343607	0.00653120835905187	0.00808252789070285	0.001091984566702253
1020.	0.004855762849988787	0.002910024457617122	0.0035519500840496135	0.004199816331219797	0.00047570036536910646
483.	0.0034393973735930006	0.0017574457138631594	0.002009382816871775	0.0022605490872419365	0.00017558401936591225
1224.	0.005710986105628035	0.0020001079129863264	0.0028991616476406494	0.003796770211203726	0.0006430362506871631
1051.	0.009121293791132357	0.005707844504987736	0.006490352696576575	0.007272168945932855	0.0005598420947580492
1005.	0.003576719682289342	0.0011911362511131118	0.002019160518674491	0.002847196729467094	0.0005932031662560889
1041.	0.008039953507067432	0.00396543992414522	0.004864717772382795	0.005763107867792994	0.000643535462353206
124.	0.0007858310641837285	0.0003662435146338794	0.00043192325485267934	0.0005960275233537482	0.00008236349890208861
1029.	0.007550775914405894	0.0032923530015539493	0.004227773771707239	0.005162179718396387	0.00067021773873453
125.	0.003497268261872133	0.0006987810049018384	0.001322091342699989	0.0019415240416554846	0.0004558901428865335
126.	0.0009545155264047978	0.0005456034418062083	0.000645010783544149	0.0007841213188930496	0.00008248603158225467
1039.	0.0023572464258254655	0.0005837951313328871	0.0009383514360675431	0.001331310773494021	0.00026913348860459907
627.	0.022611700871560614	0.013338603416178985	0.016732147744828733	0.020072564278794558	0.002405699077519086
142.	0.0032157373407771805	0.0005151222767102448	0.0010853072996610377	0.001664472900284153	0.0004154754656893494
143.	0.0033548312716648043	0.0005743737852660358	0.0011397068387612214	0.0017073562956447796	0.00040788286198587513
144.	0.0028544261214198396	0.000962081410746829	0.0017052793454893924	0.002445200237759071	0.0005405617200009858
1087.	0.003969179033668779	0.0010507848270848719	0.0015800166111752864	0.0021085677290902938	0.00038616044909977004
1057.	0.00550159389513083	0.0015800005865659328	0.002460449456603244	0.0033406112670980592	0.0006299928927129848
146.	0.0038189765972891365	0.0010899454812121068	0.0018258109017213688	0.0025599652410667195	0.0005412020018754529
1077.	0.005159047132756389	0.001940367405657617	0.002800996689915585	0.0036608664608009933	0.0006156920660706006
951.	0.01942543911558625	0.014435570994327906	0.0154990184748149	0.016582909721216788	0.0007809053153371989
771.	0.008264963061457298	0.006050673991758626	0.006981263877075912	0.007913726446362457	0.0006689554518419268
956.	0.02161564843105146	0.01645192825109021	0.0176234558715749	0.01877611329588358	0.0008591277291421036
949.	0.007969785459711498	0.003320744735433201	0.004327928276174543	0.005324933367919837	0.0007208676704666729
716.	0.03066161556501712	0.02597269890348286	0.026809454596150906	0.027634944056889155	0.0005950311101622862
758.	0.005603277113410909	0.00393978193742206	0.004241984498753311	0.004582499849711152	0.00023202253561565884
974.	0.010939333131309015	0.007328542587370035	0.008193760653495535	0.009047478277446341	0.0006141448996299461
732.	0.002624465955696098	0.0011063360181482462	0.0018860880263125528	0.0026633087694031277	0.0005586938590338495
739.	0.002893418720684826	0.001090949582129297	0.0018156954843082688	0.002538259063586734	0.0005204707869867311
915.	0.008810011850284627	0.0062648273162623225	0.007156807515861399	0.008061836249438348	0.0006455851000964954
989.	0.00862451907539974	0.005991065373347038	0.006893182512123376	0.007806356776486445	0.0006513897678773349
1200.	0.03743343963923351	0.03299909489660935	0.0339071642185241	0.034820809947810116	0.0006551323530203135
813.	0.012626724310472515	0.009809484392415024	0.010695283704485642	0.011576076313140948	0.0006441607248042681
977.	0.023838258892761033	0.019818725432688478	0.02073143319437799	0.021662867238073757	0.0006835109044347822
721.	0.005897882990725911	0.0026783818260325276	0.0035451174571763814	0.004403899193336058	0.0006160185929826672
751.	0.0017040274753692408	0.0011168291362131377	0.0013361460542869728	0.001598268370100242	0.00017465960942214263
918.	0.006326111563281445	0.0029140610539715173	0.0038715116408750243	0.004818555720151996	0.0006822097013725099
840.	0.027743353694142048	0.02401638273527107	0.02447881433977419	0.024920531329982065	0.0003320691532810944
740.	0.008522797362920054	0.004894088072404323	0.00575030553344117	0.0066056706309878255	0.0006132964578791761
890.	0.006597090853287635	0.002565324023460991	0.0032267200418386413	0.003879210098805652	0.00046870039917255304
842.	0.007725933695860943	0.004191935117796586	0.005157125254620865	0.00613138730270002	0.0006956368473491252
722.	0.026560516333047124	0.02189363682949097	0.02275629035667028	0.02361318753608077	0.0006242940324626866
910.	0.008774873118591375	0.006934311533502435	0.007750338027077366	0.008555237550647687	0.0005831108756839571
942.	0.010785913924230672	0.008345167152466693	0.009318944385989313	0.01026713461556561	0.0006911511646085005
992.	0.0060663607301132405	0.002971771870577844	0.0038442976720694626	0.004736287428822594	0.0006333823317313822
1194.	0.006483161398820325	0.003975361755130358	0.004958124698007686	0.005916590952776413	0.0006952724854234385
717.	0.00843746890103092	0.006004506071478177	0.006958926091424453	0.007917486508339011	0.0006915767282169887
1207.	0.00942704927164384	0.005047903746598026	0.006016712971793226	0.006959069468987722	0.0006819819678005061
768.	0.007839913124995879	0.004076975542583683	0.0050417356122877495	0.00601034765520958	0.0006950048134783319
944.	0.010265888208837004	0.005707705054304402	0.006769137044072763	0.007809288151822247	0.0007659296491505151
934.	0.020482300628045347	0.01508184131668322	0.015788474938046394	0.016501766400795814	0.0005258114970977633
766.	0.029615683718974162	0.024465861302346736	0.025098673144067867	0.02572533290643042	0.00045889425380269197
778.	0.005646035813186567	0.0022547076825748524	0.0032227858118590753	0.00420730177198525	0.0006977548932583769
796.	0.010680268765720813	0.005219929757529385	0.006717653377522001	0.008263629346950685	0.0010880653943111686
906.	0.013669597914826914	0.01089026081021971	0.011627185031653373	0.012358461284520117	0.0005250868786676512
888.	0.014444309398571664	0.011488031095616136	0.012114292166384086	0.012728713554222448	0.0004449416172388276
976.	0.007643402899615626	0.003861253167930623	0.004776434496022959	0.005677036116703338	0.0006516171469825683
821.	0.004862996062878877	0.002104624305226399	0.0029831118990550484	0.0038508643796693054	0.0006254272978118601
900.	0.01769568220354556	0.012392815427226256	0.013078912270282596	0.013764185843024523	0.0004997640162848029
710.	0.006116865117409942	0.003693927298387356	0.004634311179351084	0.005571406606867391	0.0006707130458936989
830.	0.006010166130117178	0.0035845453743961198	0.004532070109926834	0.005469130655281651	0.0006728261925739353
908.	0.004624423962632851	0.00219147146492904	0.0027403617419342477	0.0032923034006133722	0.00039616421696995953
806.	0.00759494856740528	0.0030588328840683854	0.00423472588695179	0.005407590678792151	0.0008429113889999089
886.	0.009729372078971843	0.008329356894248408	0.0090636934650738	0.009791882267791263	0.0005228953411776982
789.	0.01723830379637159	0.010256584465543672	0.011211443136302759	0.012186901663489347	0.0006933105072172679
943.	0.02479641577459646	0.020855699153523588	0.021776808657061338	0.022741031125613653	0.0006704818475548589
798.	0.013971705117954536	0.006613418794361281	0.008357630270282159	0.010181164904459417	0.0012996740809461762
958.	0.012145279252440022	0.00894164276835474	0.009957466486135939	0.01094896942787238	0.000736584887359948
1204.	0.006664192620826848	0.0044650685664552325	0.005316642611236433	0.006159119322035278	0.0006077104482598078
991.	0.029613689987682323	0.023679957625249104	0.02447884298286705	0.02528220029602235	0.0005757268354228025
928.	0.02280814753593008	0.018323910422946343	0.01942874306280559	0.020506789773919176	0.0007798920953795492
896.	0.0059279654526200876	0.0027285208748701884	0.0033630394029158053	0.003989116812459392	0.00046262496786306955
968.	0.014794288498597208	0.01192763746433112	0.012686982456510499	0.013447884573780211	0.0005450158511524501
772.	0.02234125543055565	0.018062321273353832	0.019063089174435548	0.020052510216239106	0.000720464355418182
791.	0.00770310977477251	0.0027294939299480347	0.00393836679783538	0.005144764475842556	0.000875562947574292
917.	0.029315759881865966	0.02365342326142661	0.024446974397537045	0.025243816044849043	0.000570486763503372
780.	0.011322378405520861	0.008279851332246513	0.009176943280437212	0.010082791327203688	0.0006483914384644006
898.	0.007013125814497645	0.005350492452168565	0.005993881540305385	0.006627753382366652	0.00045866354573579845
804.	0.015684163477351798	0.009690010187699327	0.010806632575511716	0.011887372671346208	0.000811100310675289
731.	0.006314292150747192	0.003092662360235865	0.0038957195121224067	0.004698384587652926	0.0005748144244679539
814.	0.015503981961895064	0.012529830946855558	0.013423482073023482	0.014316206967667444	0.0006543660765761759
808.	0.008156078859584692	0.0033874936908252495	0.004791688660425503	0.006146499527381333	0.0009928184286003316
757.	0.002733555598761539	0.0015098766445492684	0.0018768054541247324	0.0022843615050430754	0.00028473834490242236
711.	0.008308479064896845	0.003968177517836402	0.004905494179739466	0.005824133528741671	0.0006655333478011109
950.	0.0111853634950414	0.008372804070131523	0.009385917347381992	0.010392093450530382	0.0007252786671001571
937.	0.008266293772410616	0.006621891079503284	0.0074648668725864386	0.00831167491855056	0.0006052868659998372
794.	0.00840137126042595	0.003983897411636406	0.005210174770578042	0.006433102466531504	0.0008852068361729961
984.	0.0054778805447777135	0.003544768316655067	0.004318096909861132	0.005081473855640728	0.0005473593465956813
1215.	0.0332642496149802	0.028302232946579964	0.02940065665149708	0.03049116721138867	0.0008015659171902199
820.	0.01057215349741325	0.008392040307585114	0.009252570077907979	0.010126105241813677	0.00062175697894084
957.	0.007155754201499276	0.0036866850385484096	0.004646310705610155	0.005615496373664541	0.0006997993291794821
770.	0.006451408915476131	0.0028563077621787114	0.0036620451607373046	0.004460843546289062	0.0005773870072268197
1193.	0.026165442752670187	0.02119379203098193	0.021804120403968372	0.022427087545765723	0.00045100012344486946
1197.	0.012630217226011542	0.007829880136888123	0.00873490955823629	0.009630833842240505	0.0006466946018167138
752.	0.003397074274380296	0.0018567929851032172	0.0022225412057593446	0.0026159200510487146	0.0002718567955172051
936.	0.006962757720913593	0.004159955188711817	0.004931383295616469	0.005684167616929581	0.0005447565447813315
720.	0.006050152328111236	0.003981108434553682	0.004795068074058273	0.005618410584047884	0.0005861773251974765
924.	0.005737504500253232	0.0026344744404263043	0.003628785265283644	0.00461117001876421	0.0007085934262392072
715.	0.010246655854794118	0.005222828462111528	0.00624086947291511	0.007243306937132377	0.0007230078272166778
983.	0.010378447546359748	0.00623360721269639	0.007202153537439605	0.008156340342998059	0.0006863888128822486
823.	0.024966751034479873	0.021526100568480366	0.02236475886908852	0.0231971700030027	0.0006067607332470346
829.	0.021006913129962057	0.01647531202957697	0.0171733437431118	0.017878196672105107	0.0005085082495022451
765.	0.013731477867260033	0.010006579538573868	0.010897788543709899	0.011802430767354988	0.0006437922668341175
709.	0.020825492220891473	0.016336378937854334	0.01703533071084409	0.01774080880192519	0.0005191620294093132
839.	0.013121792148272027	0.00937636830624411	0.010284565331625486	0.011204152523154098	0.0006552478095616358
981.	0.024969677008394364	0.018105194859456164	0.019128948666619523	0.020145151388569094	0.0007396403493640199
812.	0.006815473598730248	0.0034190931718377504	0.004172011300503497	0.004944692473629608	0.0005530072780304608
964.	0.0055553253646037914	0.0020874091424142316	0.0029432121059014852	0.003781695418870412	0.0006059322336719349
966.	0.0145558515961689	0.011793982773026235	0.012762228245278276	0.013722338007480461	0.000698821511414479
777.	0.021966510820784935	0.016207989243963272	0.017177430748872548	0.018136524789605146	0.0007025453862957951
926.	0.012398202759028032	0.010269664058830896	0.01114279567895004	0.011994727189728271	0.0006208813034558899
787.	0.010236743113431923	0.0050304227239208466	0.006177271690586646	0.0073673834321063	0.0008503343753890175
873.	0.0072280739273247185	0.004049941868533913	0.004955970649869003	0.0058553274376542674	0.0006474362547022921
748.	0.0044549551163678425	0.0030354721077007207	0.003340614297679049	0.003662742387373741	0.00022135508390076913
749.	0.0015026386937714298	0.0012178761110027692	0.0013040835445158909	0.0013993121408399922	0.00005379900897996319
1800.	0.009390049174470949	0.00907643514771972	0.00922345143173304	0.009369788210403684	0.00010508639075310074
1846.	0.004258309971995278	0.002754265087454022	0.003417667807188398	0.004083432202890647	0.0004845274267267237
1833.	0.01059923639752669	0.004528550781309315	0.005899530927082841	0.007270967859274835	0.0009816874671858332
1515.	0.008809161076008931	0.0033951149124339386	0.004609452281069906	0.0058192780774265485	0.0008747162250837523
628.	0.029773988330945023	0.02002675970830725	0.022559586957936757	0.02547049068395202	0.001918578427728964
1874.	0.0038317457679136746	0.002996245558857802	0.003452844028396201	0.0038736603852231877	0.00031110281782877736
1704.	0.008418708975589162	0.004784618212620995	0.005607200844158233	0.006427026818532466	0.000588021343586084
1762.	0.014217884287147875	0.008829887475296117	0.010175082035865915	0.011511124762387137	0.0009779440748303452
1888.	0.012258570885577358	0.005409833708466594	0.006797670740823635	0.008152729331933006	0.0010081685910819935
1868.	0.004789759966300822	0.0035392796410205207	0.004117110233447579	0.004691031535004164	0.00041197346144427585
1518.	0.006030817650733655	0.004608969925293138	0.0053501942872282845	0.006096524050910879	0.0005335666111916008
1890.	0.005375359340729413	0.0019037177395438976	0.0024501838746132866	0.0030203147394052277	0.0003998366915738047
1991.	0.05366721548918907	0.00981967892402913	0.014284845072102497	0.01931145796678646	0.0033323151904035902
1981.	0.031099758631472185	0.013132251327071631	0.017424610722461403	0.02110191741603673	0.0027540394506175305
1987.	0.05880353614891498	0.014208460820640756	0.019287188228207484	0.027382118773802255	0.004493401954345919
1956.	0.0030592417997901133	0.001264701954769909	0.0017733941963085325	0.0022449522820933154	0.0003495570636297239
1986.	0.026287772754769345	0.011098698080409974	0.013311954574607049	0.015378385526704341	0.00153762060619251
1988.	0.04144033992386298	0.012769099943844009	0.016674890099310842	0.021839152121963856	0.0032606993492724323
1782.	0.028274279993729334	0.015511647942863416	0.017259144600278453	0.01911570529198403	0.0012306584233139732
1983.	0.043551009064215496	0.014232545659185636	0.017400204935870505	0.021239511137363665	0.002156958116700723
1993.	0.06524968893816219	0.012140581844930276	0.020129445821636522	0.025615410008844375	0.004446552938777305
1915.	0.0196511159770435	0.015614333547833814	0.016494372535919927	0.01733183727273968	0.0006245931730948958
1948.	0.0077459858450241725	0.002991358403130251	0.003998262453187134	0.005086038668304038	0.0007700548257867405
2003.	0.025102426691964386	0.020413349503561218	0.02152126424744605	0.02256342032390246	0.0007856662165715929
1954.	0.009027759696191962	0.003464625355068196	0.004582598602823771	0.005681780147580806	0.0008069053843798734
1946.	0.005695753681579485	0.0022875501616501648	0.0033304071931713475	0.004346378686398311	0.000743681650732598
1982.	0.048559601647940376	0.015224470296589021	0.02022813980619908	0.025379440463079495	0.0037511249292904855
1995.	0.044596286096099	0.017384416891495835	0.022141820665510167	0.026470016471730418	0.003539936274697587
1984.	0.05613156449226764	0.015955521213318558	0.02087058122007925	0.02521532926848613	0.0031101325331691883
1928.	0.0340828526517758	0.026950024303312947	0.028546006683381163	0.030097092216666677	0.0011466400138595767
1997.	0.02378597044164854	0.02084066402162499	0.021907682716052045	0.02292908585356168	0.0007607214314897503
1989.	0.03615232846911676	0.01691182697142779	0.020427792653486394	0.02455925587172647	0.002771121374372022
1920.	0.027269705452357185	0.020359130467800357	0.021689603993233914	0.02316816115259579	0.0009899987208498166
2009.	0.01976535110767963	0.015685529592400993	0.016742297046217252	0.017798821364486628	0.0007567161531149472
1994.	0.03640226092759502	0.013577369324529687	0.016631042024244834	0.01913117324499103	0.001975608195141365
2005.	0.04323992594272752	0.0356946264618061	0.03746267893589802	0.039308950089113726	0.0013107195251728999
1926.	0.03175021668581113	0.026647776156218828	0.02776503056948029	0.028818998105256788	0.0007982099721770729
2081.	0.02893942586151943	0.023068228104222377	0.02415747810540685	0.02509389899038339	0.0007384259341040061
2007.	0.05021808517295523	0.03689618453660781	0.03799459870318759	0.03914559011179486	0.0008123864667530654
1918.	0.03322257798419914	0.027402924075201063	0.02892820140070846	0.030509655391970703	0.0011071929490339277
1958.	0.004331998069548315	0.0025902924652613235	0.0034630849294612406	0.0044043580825653406	0.0006613173776940188
2080.	0.01854811014016744	0.015975660394975777	0.016879332116247994	0.01784313145720784	0.0006920832747600077
1924.	0.034870923456733705	0.02603212915962083	0.027205001535293455	0.02844135532952463	0.0008703387739866715
2000.	0.049093803316651696	0.044069693336997395	0.04501750842483123	0.04601701474100528	0.0006923325369313063
2012.	0.026728459322431397	0.019193115151496132	0.020359631394379147	0.021556240353018064	0.000859553544399562
1945.	0.008454496932654654	0.005219221561400755	0.00601182835622268	0.006808158524338581	0.0005764625574300305
1930.	0.030683966203031376	0.024800897411779044	0.02651481023626285	0.028202038165160648	0.0012243519480083787
2010.	0.04088192739279439	0.03840987906619453	0.03965228400527752	0.041028909646127265	0.0009242180250462155
1992.	0.044968323613142736	0.014256162666648975	0.0188311416784595	0.023677560758552207	0.0034382419360983484
2011.	0.04405977595978772	0.04104332028364455	0.04176314500751596	0.042399691167938625	0.0004983909681160174
2044.	0.0422494424249541	0.0365422582457513	0.03742123094410149	0.03819169962191715	0.0005953836152719926
2075.	0.026420526533310174	0.024085729657707056	0.025004906157251667	0.025891127001026026	0.0006511122180220423
2061.	0.028138842179985746	0.022779781982843028	0.023974004212362073	0.02510153641135715	0.0008585316266316263
2001.	0.03706323967889957	0.026459867054305586	0.027788071987145075	0.029258621463221335	0.001038817508393851
1952.	0.006281187370595576	0.0017349614012609482	0.0025662475682777454	0.0033794408121363695	0.0006001139897190858
1969.	0.01304825628504469	0.008937558165625248	0.009579969620160653	0.01023247446994413	0.0004763519579813856
2065.	0.024920723135426814	0.01899332059321146	0.020723457760876484	0.022345194784431865	0.00120390130214213
1979.	0.009929086171129198	0.005919131359480301	0.006501208264653809	0.007108609649400188	0.0004063640599323247
1968.	0.019236348563900885	0.014397414407605114	0.01535614873567597	0.016345752680824388	0.0007068338701085682
2057.	0.02314245714555374	0.02042131081935039	0.02155557703085276	0.02267838962177382	0.0008244664019693852
2048.	0.03490159709974616	0.02914300997200503	0.02950019585896941	0.029855779637817492	0.0002504710909626291
1999.	0.026751938262576602	0.021288858570940983	0.02254204466828959	0.023778880991873974	0.000918847037542193
2053.	0.01484233460006501	0.007195084298531329	0.008173535544174307	0.009136768909388637	0.0007108019773995204
1921.	0.0186020164280013	0.011981024005678464	0.013471733077852608	0.01504605543605686	0.0010982767377627387
1975.	0.01857322992634558	0.012024809923880997	0.013005758590489988	0.013986595840437377	0.0007185812026244944
2058.	0.01782901927854308	0.013567216597056286	0.015131940595178642	0.01667295525264434	0.0011420193568798707
1971.	0.018983162123993425	0.012995004336022298	0.01385090443950228	0.01469370503679801	0.0006102817353761861
2052.	0.024074360023818575	0.02050367357596039	0.021350543355540375	0.022127522228250318	0.0005768108739417657
1951.	0.005970673930090875	0.0033260619878368036	0.004226811835435707	0.005081595974542608	0.0006228354538991213
1973.	0.011260937035824425	0.007395299977948189	0.008214292634310021	0.00905888384860265	0.0005975444766973104
2054.	0.048046059580780454	0.04107931539753318	0.042241878368801056	0.04342254142149349	0.0008548198218170297
2043.	0.031934848625499335	0.02888898131663309	0.030326611108591448	0.03204193352673601	0.0010828337319526236
2045.	0.02359078698246131	0.020443056599883103	0.02167626530685877	0.022975186532131375	0.0009185216759706494
1927.	0.01866518383262239	0.013721202968239643	0.014981362784709388	0.01620196512126737	0.0009023811016444174
2049.	0.023324822187449912	0.019903693414859536	0.021120221258287258	0.022365926417603932	0.0008908575253026267
1959.	0.006632093931786764	0.0047730613052783255	0.005424300368830245	0.006069729059045015	0.000465123283141018
2070.	0.021108379823702728	0.01656808153756617	0.017386767545735208	0.01821990967503928	0.0005830605414252341
2064.	0.037656673168279364	0.027684804860718115	0.02885170069467478	0.03014765226296301	0.0009095020421566832
2069.	0.024418028385284285	0.013741186600397692	0.015305554088248489	0.017078804580506368	0.001188374935902537
1957.	0.004152660124120855	0.0020017964900820306	0.0028441311666268774	0.003669307418524892	0.0005908358622128014
1977.	0.008400302355305977	0.004917530672810422	0.005571329493086223	0.00623178017092052	0.0004747588941615938
2073.	0.01688563413723887	0.013050349964516261	0.01401131838982936	0.014991072385808213	0.0007046832624092247
2079.	0.01622867749709722	0.011033309830927651	0.0122132112037838	0.013348078675823438	0.0008185480768444076
1923.	0.043064373391912936	0.03439573967127463	0.036091979637151564	0.0376761320420832	0.0012124825393474946
2004.	0.01047526676447419	0.008128898201785306	0.00919540474049281	0.010292902796510961	0.0007761766118747585
1953.	0.0062486437197277755	0.0032287784686214627	0.0041245469506787326	0.0050222808521631634	0.0006538619193709281
1947.	0.005351520814186772	0.0014450185634824475	0.002260546650425225	0.0030920087565956544	0.0005927340082181984
2066.	0.0338806727207378	0.029261839713026316	0.030445850512816088	0.0315313576510059	0.0008129544569379821
2017.	0.03594533378013298	0.02940246574569494	0.03039902530549329	0.03140692846404003	0.0007208612495307931
2032.	0.04223816955931459	0.03876322587282033	0.03944891361072384	0.04007796077977277	0.0004762054549893361
2074.	0.04370337703509952	0.03422382264863266	0.03585287601215795	0.03757466142595223	0.0012120586706671683
1972.	0.010660507179087397	0.004987830399440396	0.005769497835149737	0.006547225302785731	0.0005619812006588516
1998.	0.062125418783862574	0.05106422212171735	0.051786074585558214	0.05260529425757643	0.0005507967597032144
1978.	0.012592097986969364	0.007856607273810878	0.008967846785642294	0.010082560422928433	0.0008075133534312506
1917.	0.0313923676055714	0.02095057179118409	0.0229328964754865	0.025092033982021977	0.0014943686601326456
2037.	0.03001354916541521	0.019818653639103068	0.02128829111216193	0.02276922374915158	0.0010692826258501922
1929.	0.05165003307132143	0.049683824621218786	0.05014476064246958	0.05061828183497852	0.00030025701543484753
2039.	0.031226606887884256	0.02541569297547086	0.026388067771586574	0.02729845850002377	0.0006898650612833326
2016.	0.02922567712828028	0.02479867545538983	0.025793329327238552	0.02666017395329434	0.0006468909952411371
2006.	0.021101137170821183	0.013966687584622606	0.015207531064978373	0.016378098879059055	0.000853166238789914
1976.	0.01130730661945678	0.0069884446834082015	0.007653077219560875	0.00840166523803132	0.0005040245821802526
2015.	0.02904579168374455	0.02549175936514725	0.02637043360856464	0.027156355852335667	0.0005993425640612658
2027.	0.0374654807999143	0.02502524587614985	0.026700444801696317	0.028485220812942802	0.001246787370617582
2038.	0.02999035425739449	0.020278204699733626	0.02177935130833443	0.023143555730441356	0.0010532026016989505
1922.	0.020842547982760973	0.017598235923922623	0.018446744526207655	0.019300932833258955	0.0006174118792057138
2023.	0.03126837762556034	0.01953509735282888	0.021117783983244896	0.022708648595175074	0.0011521837475192164
2022.	0.01673228967666296	0.011708692377531915	0.012945766682732068	0.014172915270540876	0.0008720173136317957
2028.	0.022654953065988748	0.017735813648877663	0.01903240889930854	0.020241433530143738	0.0008962746137806269
2034.	0.020085321579603632	0.013086938470227016	0.01446638525324295	0.01579578509188584	0.000991203237476542
1916.	0.018719780386130536	0.013580782717974804	0.01508414885094009	0.016574280811869846	0.0010945350171136555
2021.	0.015183949938721075	0.010192533245575786	0.011345255987874558	0.01247589927940429	0.0008097150098251621
2033.	0.024218068679096705	0.02011398036128531	0.021790453380885772	0.023645631064221795	0.001255920301429325
58.	0.011880043561783404	0.0075087821539173705	0.008293832838343541	0.009077558240974892	0.0005578420898059261
57.	0.02518939642167861	0.017295544019527043	0.021152843225675073	0.02509052450747129	0.0028263372375326194
62.	0.03865600034002348	0.013379195759650298	0.017138792895872296	0.02115448832140121	0.002489212938685787
165.	0.051703546383448096	0.028660548562091992	0.050307556061909724	0.10297653534310691	0.02340741240437287