Case_No	mismatch[standard]	Min[mismatch[fancy]]	Mean[mismatch[fancy]]	Max[mismatch[fancy]]	Sigma[mm(fancy)]
163.	0.013877371772961333	0.0060561583250395845	0.009849557842191395	0.01290758423956384	0.0017223589869128269
161.	0.03141782328890608	0.005656514991439376	0.011317867245967424	0.016321256191599076	0.0032953648931540952
164.	0.016296228211504893	0.010444105751977628	0.01616834064171527	0.02311356379354257	0.004030108317934862
963.	0.0044679283308055595	0.0028436473679961383	0.061959521778833695	0.43634040540461605	0.1253213477837231
1129.	0.004849650046731657	0.002005530705574854	0.008974152049097104	0.04041503335286245	0.009818917877799926
1217.	0.0843072640956698	0.03577210171323475	0.05267086537322711	0.07538217524383584	0.01272318108819471
887.	0.054051891934925766	0.025312910605267858	0.03613051225664878	0.05045755725320733	0.00580321593016454
1189.	0.010924795102814189	0.00593789137151679	0.00889786025902459	0.012954304731325417	0.0015999087024785397
790.	0.004624114150008296	0.0026151518914911964	0.00914641852727261	0.029470160446650295	0.007525345595717928
907.	0.007292444714007695	0.0037154334052484916	0.01569446719644218	0.08122720211271739	0.018037401796640127
788.	0.034764125477461105	0.013316729641303593	0.02239061535834748	0.03576488404909717	0.006099220393535894
872.	0.007053584751773534	0.0031267775970645895	0.006744191926143839	0.01230776254270205	0.0024356804620257752
861.	0.0061789306339153915	0.0035240018511653037	0.006686332553470469	0.014088314583085126	0.002820388051603451
853.	0.02175048643719102	0.009086202159115264	0.014076122920400351	0.021035654777580848	0.0032182794201129246
767.	0.01119120793815398	0.003789465313132623	0.014778398246763828	0.050715348316561326	0.012419992655207024
841.	0.012542757224341061	0.004159970366728216	0.013930280508896479	0.04541870188972463	0.011068486554726312
1205.	0.014558414470488223	0.004715726074025484	0.008154932283557662	0.012144258329104818	0.0019233016672142807
822.	0.04916558322966258	0.024595722970678913	0.03646260285772119	0.05151638104631229	0.008006536557211799
935.	0.012850810314588568	0.003861394461884049	0.015312907787495307	0.07342641151616525	0.01419652858194076
927.	0.041391493971974835	0.02300950513140687	0.035579297161746265	0.05341283803610042	0.008133169186722678
897.	0.010734766383987071	0.007540826011534385	0.01521197939277156	0.03422063595478464	0.005895492872180834
793.	0.006553435641778127	0.003322615483744129	0.009788272617101593	0.032454686763235485	0.007749679018691223
803.	0.02068970826761285	0.007703316635886193	0.014178799646929025	0.02014246560103572	0.0034490025148216706
967.	0.02771737727430512	0.014042954448580058	0.024219441024809277	0.03463893593414169	0.005524630629697889
925.	0.01730280190864175	0.00682643101859981	0.010145014375319651	0.016947741308438236	0.0018661754643209472
965.	0.04183127059661873	0.014648646187908176	0.023563085062765155	0.03268179891387668	0.0053079943218039246
982.	0.011047105755456421	0.004219228655493956	0.006528036514196314	0.011022743233912613	0.0015526450852812199
876.	0.015848327544495944	0.008424517156519595	0.013908170125515772	0.01903772313359009	0.002666721483904603
865.	0.006045233811953654	0.004026462235456996	0.00806171066462376	0.028942828614628713	0.004804311075145272
1188.	0.012823883023583504	0.00458788914158148	0.008080383209173906	0.010814522066468046	0.0014304798228322124
856.	0.008435173468457013	0.0021865724797544006	0.00617777255652652	0.0181569450474397	0.0036284271070275357
764.	0.012811235796706066	0.006405303298280707	0.009690952345589107	0.015483690191296584	0.002193354786515795
838.	0.01229947886057381	0.005669092766421691	0.009380103408777046	0.016096556906464166	0.0021224123275631066
786.	0.01785415589251993	0.005449361599421998	0.009167087474308352	0.014428659976782998	0.0019767838938367865
874.	0.005899756300589032	0.0031791392610284186	0.0074156342506377215	0.027707930307881656	0.004961145104610999
863.	0.02614103183135086	0.011830379380282308	0.019227598078902935	0.028000132261067567	0.004256127298454894
855.	0.009635574745945563	0.003603181947942513	0.007125416462993959	0.014999842698561916	0.002651436099061414
1195.	0.01179229477249677	0.004061649613978702	0.00697403530389059	0.011067225224219546	0.001946478114126727
3.	0.0024569423884045483	0.0016505994999332918	0.0034788238918061726	0.010158776652789414	0.0020640268630384715
88.	0.01133130647743652	0.008322878106981402	0.010403280438664746	0.02344740439323445	0.0027676971791161815
1028.	0.010059114033383776	0.005965057447947841	0.011656514083427414	0.026236777125550947	0.005250668509710245
1053.	0.016411088237319182	0.004167980540111693	0.007899966205137129	0.01504518987782788	0.0024846571445767238
1067.	0.012199639825183017	0.005461036720505463	0.008385371901817302	0.01315780939972444	0.0016069367648995508
1006.	0.009058376253411327	0.0027718311190753075	0.027453165380825865	0.1399715460504818	0.03646991340473521
1048.	0.008717606571727599	0.0030589043864610588	0.006279521270571081	0.009247794338721582	0.0016601471955551429
1079.	0.01740594929693895	0.005593478363422499	0.009253901068420807	0.016757075121720977	0.002712016611687091
1049.	0.0062308365551678735	0.0030354821287652545	0.01112163184677636	0.05067592284273892	0.011428560408722699
1035.	0.02320766518176265	0.003278112345065587	0.008202591846004526	0.014325823218796607	0.002476406630667809
1066.	0.011436423930213047	0.003555991999299346	0.008505004849760198	0.026009971887444805	0.005313277921170462
1019.	0.00521053116778647	0.003089870277684259	0.004863460681250423	0.007389701235215651	0.0011598393600818415
1076.	0.020519965069592083	0.008638744293581802	0.012644860712763875	0.018548672440054204	0.0024967377810958327
1086.	0.0059258884543687	0.004334221259962634	0.020365000216877042	0.1061215912502218	0.02915456732315996
1071.	0.006492001212040632	0.004090339834276646	0.014748982497211183	0.060678306843906515	0.014967037186461335
1085.	0.009778975529426637	0.00438856510389507	0.0075585670365315265	0.014657463076510835	0.0021627982545356903
115.	0.00598945358822589	0.002867630632912843	0.005387886463050167	0.011620346346023491	0.001807825005534744
632.	0.029283092839576752	0.00595409012480741	0.015874548528453217	0.02413254724604419	0.005348330563260647
117.	0.004439623763644374	0.0017881687699321525	0.004250950234290595	0.018892978333032384	0.003033632161327912
116.	0.004444484407554072	0.0025993002508106766	0.004540592308679711	0.01415088649122187	0.0027595531997357333
1042.	0.019609986255835654	0.0039518307950008325	0.013211445934301897	0.019978853093552962	0.00408366632901142
1078.	0.023667468255115343	0.014573342493513053	0.02041808721186556	0.032858808721819455	0.004783363828953325
123.	0.004718013193940829	0.001677260409792991	0.003592540940375924	0.01464665243176222	0.002247706091139946
1045.	0.007958407806445078	0.004829953460424585	0.00782522858093215	0.011276614860641243	0.0015502603374773164
1030.	0.00851534241048979	0.006165148307401336	0.0248955192773448	0.15629149047284108	0.03444868993916386
623.	0.12261334670909507	0.04016645826450804	0.0836333989702764	0.12554393591259738	0.02252856655238688
1065.	0.006505106665097959	0.003458893941337471	0.005790398613798563	0.017663258875829757	0.0026060610027256632
1059.	0.005726694069135729	0.002877385453543213	0.006321246581029021	0.01610924384348722	0.0028948060181654407
121.	0.004138650563201285	0.0020754782412625294	0.0035834583436693546	0.007370555144877722	0.001272849806176295
118.	0.004352142973770956	0.0024710890552757103	0.0046259591004059394	0.018389488879001492	0.0033107656658417912
120.	0.004044143957029123	0.001283359097813186	0.002644876449186764	0.005294951055193398	0.0010281407441257678
119.	0.006025495459145658	0.003411544022486779	0.005236430385610938	0.010760683804370785	0.001434704609131419
1027.	0.026274574688024632	0.01620670125362178	0.023982165151528435	0.03501737633575186	0.006009183407549909
1012.	0.021864044540576555	0.008427331793372295	0.015652507251293784	0.02401437164484921	0.0028997032573942648
1031.	0.012286303226336615	0.007896580550489474	0.016073774457510393	0.036221812727465164	0.007522611307636782
1033.	0.04096770705949748	0.008581099549251792	0.021476156957178687	0.03917584421254361	0.007440313661885044
1010.	0.03923530744755044	0.01211853376127714	0.026002624987381043	0.0401399172603526	0.0063675596315483736
1018.	0.028635221914456443	0.011995826587049674	0.018981938268090134	0.030007781188523208	0.0037680948786975466
122.	0.004903015571056435	0.002436941302721096	0.0036737878215085356	0.006065298138006048	0.0009869211057074918
1056.	0.0047392570184376925	0.0019299305623520224	0.021345388913403436	0.10868289294484923	0.02955732953105305
1009.	0.012137889888965359	0.004598340129258749	0.008863798225684949	0.013260999010663022	0.002088776959573695
1008.	0.01333164677934573	0.0031147265219769737	0.008640221314902597	0.01601074830678706	0.0026697025137959415
624.	0.0038844203427854662	0.0021011562631035874	0.025753648546867604	0.14954009206242858	0.038616480286979796
1070.	0.018497726521872315	0.00927172394767628	0.015765997338433545	0.022795738224325235	0.0034294862798700493
1022.	0.03503658218035144	0.002194666003856871	0.013045440189933442	0.028228500340023777	0.006594778918574028
1000.	0.005856742389745095	0.0021094848839361413	0.02149803346170785	0.1632180752547907	0.03212616996060911
1036.	0.009483564309110348	0.004727744769175701	0.01486520882516599	0.04150606389548206	0.010502615590984388
1023.	0.008631504608769824	0.004375119771426905	0.007933451009271217	0.03065894857090956	0.004767311400045947
308.	0.006891098113665284	0.0015221740829892694	0.0048591904895199005	0.006976499787582524	0.0013170767720819176
1020.	0.016015889199649136	0.011066943319235745	0.023763389326830094	0.04847570073258234	0.011760012112389653
483.	0.01390087174921395	0.007419729569502764	0.013821080885268896	0.048858806949181655	0.00843915387201618
1224.	0.0076229569694711286	0.002498524024314386	0.004660390783673017	0.0139942825888274	0.0022565057774997176
1051.	0.015674981985044134	0.007763347304389989	0.012415691177114755	0.017865829502373254	0.0025341112322581835
1005.	0.004471214643565591	0.002479418429288449	0.006161141041103205	0.022605294104956264	0.004563988990433228
1041.	0.018830076959839626	0.005995162551161171	0.011079297559036028	0.02234699964331688	0.003375947427752541
124.	0.003453036008899013	0.0015351929708825596	0.003848012645235731	0.011974886176176591	0.002568590191090024
1029.	0.015037354596286745	0.007264165335254202	0.011102905233113173	0.01746270713443232	0.0020546503608861546
125.	0.004333321769087184	0.002050208912175111	0.0039422221993762755	0.009676308012444124	0.001567934960466264
126.	0.007460125743405044	0.002448186784839379	0.006145925647067888	0.012309391870657382	0.001959115449886889
1039.	0.009429870187365741	0.0025797784325242157	0.009137237272371167	0.03389171493903398	0.008151935671257843
627.	0.045118265773712474	0.0015517183023383563	0.010628303643793857	0.03108758752912477	0.006885743324574262
142.	0.006754346217722196	0.0015163405803118035	0.004594299388465511	0.008861545926122982	0.0014503371930090667
143.	0.003451436039776379	0.0016247220316556454	0.0033971524149963243	0.009393273356440468	0.0016153886544529566
144.	0.005753688144157554	0.0015336463473352158	0.002911732446890361	0.0053828824798932695	0.0009063336818384315
1087.	0.011519370682863128	0.0028584222967840134	0.00895317948449143	0.025185493253708446	0.005945108116358016
1057.	0.006296501133818966	0.0028747842433806126	0.005244930581825654	0.010858600412266939	0.0019073083656624113
146.	0.004258760353545887	0.0014795701597357658	0.002962439856408729	0.007996178890795846	0.0012957410488540536
1077.	0.006836124535454791	0.0016650189593651055	0.004814053103300993	0.009490810642962755	0.0015823838737316403
951.	0.04569304623171755	0.009618828866084006	0.030229341968366977	0.04474202309978137	0.007911729954694961
771.	0.03365084632454163	0.00569344634983926	0.019263031277711555	0.03228174538398487	0.006695829036061277
956.	0.051975453817050044	0.017488467351124415	0.03447664691768778	0.04688731698170989	0.008382392049338704
949.	0.014124654839098638	0.004592244715123317	0.009317107430904628	0.015752705615595275	0.0029181782659382836
716.	0.0833964031746498	0.02710232399043566	0.06473667382598598	0.08940423951745247	0.014103999763876267
758.	0.04046074021481183	0.01808086783255769	0.029987424091626528	0.039351609167285195	0.004924794800214726
974.	0.026376443635085622	0.0047311749379393975	0.017684456467746162	0.028461893670573946	0.004935924110141133
732.	0.006440689494615182	0.0025741738068689735	0.005379594107515275	0.010261601592986058	0.0022409911310606024
739.	0.005069209922285101	0.0021326466468564176	0.0037547864174963808	0.006522529223734974	0.0009058008604341873
915.	0.030524667248745363	0.012973536417244858	0.021838255378622773	0.030635212040400206	0.004882517128747855
989.	0.031784160269371364	0.012455970220825008	0.020754326189559396	0.028112249336594286	0.0044501663137959035
1200.	0.10069831024853138	0.03838891756107676	0.08292807713874946	0.11588128256956576	0.018821312780973317
813.	0.04848814256339773	0.009056790857419394	0.03247446987737831	0.04823706452712684	0.009583363547905819
977.	0.04008921022960521	0.027518438536750067	0.05651543978206392	0.07796610338778476	0.01440024573888154
721.	0.011762915061684032	0.0044846980664856595	0.009121423101105525	0.014430489225514598	0.0027501457970787986
751.	0.008933127709391808	0.004048745680494625	0.01326068896508785	0.03533180373205502	0.0087353289352872
918.	0.009660640643067042	0.0032273568028271526	0.006514717140448058	0.009033977061955856	0.0014643601399981496
840.	0.05152356539663272	0.03731572452882459	0.06083998753311958	0.08330431202278044	0.0121368406966586
740.	0.019164138394102803	0.006112372058460047	0.01070917346937462	0.018355553684596293	0.002751868392461721
890.	0.012248560055202362	0.004620799285764421	0.008980938199735656	0.018447741433534448	0.0025525974514989166
842.	0.01409924061187584	0.004371184712620768	0.008102438473853566	0.011687175535984973	0.0022746230580819966
722.	0.06530800670901216	0.027702967134218826	0.06484188382656733	0.08808004255157509	0.01509683027471149
910.	0.03646318861004205	0.012414237329770095	0.021091939501391193	0.03024866319819386	0.004056047495156037
942.	0.027941726945578615	0.008976350412617462	0.01679199125248175	0.022706806838413862	0.003748947938528205
992.	0.009106783329828949	0.003562939907970075	0.006397710360611565	0.008442458141987852	0.0013700751601286754
1194.	0.02817808421518253	0.009187033666042344	0.014379461969098133	0.020506755915557506	0.003591936891981667
717.	0.024343362994925233	0.006543093375239617	0.011831044217536299	0.01844680523197062	0.002597408759718904
1207.	0.013331755588382843	0.004378442817827066	0.01044429102011861	0.017008497176989934	0.00314428578502685
768.	0.012382149795012398	0.00471991073683431	0.007786975254319188	0.012268732601444898	0.0024176123774591125
944.	0.013326508570398521	0.003614216994364594	0.008816928927560651	0.017730147533492557	0.003294106328263645
934.	0.06220393165546312	0.021043988439644168	0.047791642766713466	0.0736449684246423	0.010792569427865563
766.	0.054920908887828634	0.03309512226215605	0.05868637419883674	0.07777444961996738	0.011785321033855042
778.	0.01670137179438702	0.004968560696154589	0.007938918221180395	0.011938335050104443	0.0019634138194247882
796.	0.014059929347190803	0.001498749550727152	0.006600143271106809	0.01572153831636136	0.002829523803976172
906.	0.0461278397559155	0.0198717012413846	0.03990567108755619	0.0501012717026702	0.00907520445803572
888.	0.05623642589059363	0.019876553162994637	0.0389257133217033	0.05757122088349198	0.009212658335764975
976.	0.011940986599637826	0.004743948210457427	0.008306518559164876	0.01174203937842866	0.0022936372446630987
821.	0.0071632202177333015	0.003015370806980444	0.006095658102846634	0.008889590970285965	0.0015008620762157609
900.	0.056290773240643355	0.017884740578849145	0.03777955375138791	0.0483774991180872	0.0065055960697195546
710.	0.023174431023138542	0.007527396312241308	0.012185771368676449	0.01775205802934332	0.0028698552345508264
830.	0.024284110247384527	0.007585441187213937	0.012199837569355948	0.017460384614299662	0.002838765674411566
908.	0.016254222368328852	0.006179547492522808	0.011106077596017148	0.01771443234782666	0.003187872310442459
806.	0.024681277966111637	0.003480033618044165	0.006982144292535543	0.01649559907624021	0.0030633732661655747
886.	0.05051016236374273	0.015183259906415225	0.027267885251647254	0.03771377362050998	0.0057298809649825476
789.	0.038296298119599226	0.0054244629239308395	0.016403950334116773	0.028760922928607213	0.006276567480121858
943.	0.04790088708776452	0.01896701440844306	0.0431919768593475	0.060074140550966604	0.010432935570877017
798.	0.03714617098328876	0.003428385741650608	0.013260573602534166	0.023870330559636277	0.00468922207706342
958.	0.024248730694066856	0.0052947068468306435	0.014778151413836786	0.022259470215874266	0.0036959439652066075
1204.	0.01689298924364946	0.008544137524373885	0.01754817633102289	0.0268197521010618	0.005099736016188079
991.	0.07657080261903593	0.023659573895429276	0.05353247691899303	0.06810542088175542	0.01113352784297073
928.	0.047565961093065545	0.017973475698970787	0.05058016251087286	0.06808559961761707	0.01313205736561818
896.	0.012048186816168038	0.004020061440287659	0.009771594214513688	0.013379899185778976	0.0020383728205181266
968.	0.053627041188570757	0.015942063572916165	0.03637522560963147	0.05112432507417941	0.010249913115693106
772.	0.04828800451201809	0.027667846718296252	0.050194871009436676	0.06772218538934294	0.01149014569713773
791.	0.026417662604148795	0.0021737463402595747	0.00683643798210979	0.024687895625774225	0.004798118941067433
917.	0.07350655902929637	0.024093417874275325	0.053053475146909626	0.06661840654949092	0.010975419779119895
780.	0.033923920214438685	0.006176853480807543	0.02137807601676244	0.02943549719177052	0.005691667847044332
898.	0.033714824111491626	0.014326166305627108	0.023738902559802495	0.036722456646253177	0.005989971009364539
804.	0.04376208810377802	0.005204105166483952	0.017693406698622547	0.031049923918814892	0.007486480261135088
731.	0.017923408481870795	0.004864443426845	0.010366162691354274	0.023831398277196603	0.003538758215929271
814.	0.04196641361381992	0.017562643083691487	0.03547057332537368	0.049895478118787806	0.006899542871763096
808.	0.04264112371338269	0.0029777360244650497	0.00663771183402599	0.013186835532520091	0.0023881000388979237
757.	0.010465264356379622	0.004609219593377345	0.012445468299798342	0.031985990388048946	0.006980453613264727
711.	0.012709622291448563	0.002887474885383101	0.009712389251852265	0.014414904732810263	0.002643214986734079
950.	0.030584722359313865	0.009912846250041185	0.019006524509258823	0.02693678060649929	0.005086485768363222
937.	0.030525164334152977	0.009841618507488659	0.02313544338808397	0.033446836224120036	0.006470766693936049
794.	0.026100326067047375	0.0011365204330139322	0.005729303336052182	0.009527930057734557	0.0021868075370133746
984.	0.014192397635990117	0.0070374116714965185	0.01443297606611527	0.022296081718416905	0.003850438988176379
1215.	0.06501190086954156	0.03395528001233861	0.07795971182552204	0.11092402130178092	0.01917394143469769
820.	0.03430730368710533	0.01129609956764488	0.028186814057609044	0.040666689048914906	0.007951056351860141
957.	0.013340174895770551	0.003334661182547105	0.009325569472818524	0.013987490720656526	0.003019825889375316
770.	0.0131271310549127	0.003995209393329091	0.008672794861605715	0.012214360937449875	0.00200089039772403
1193.	0.08292053849256154	0.036900953967683225	0.0730580819556199	0.12375319318909905	0.019706187767074314
1197.	0.02539528044415884	0.007418609139879906	0.01627716661350135	0.023818359439469527	0.004169267550431345
752.	0.025821137586720555	0.011493382131568475	0.019899054892058128	0.03219736075922219	0.00487315928009467
936.	0.01484935984364355	0.004520022418208258	0.007825174465715927	0.012012278253846098	0.001699058735708837
720.	0.014549739434602138	0.007698133704272969	0.014169384554921541	0.021887631075700797	0.0037142094914629307
924.	0.009600307924607532	0.0032253379055799947	0.007434171340046544	0.013641362319681605	0.002201779360426369
715.	0.0148518267067701	0.005285095106825621	0.010829044557771263	0.01715968650881272	0.002911410328856767
983.	0.01852315970939067	0.005810119588780194	0.012693485033049071	0.017743216472746126	0.0031812060940026917
823.	0.04717706806643962	0.02795580662432251	0.054022171933120706	0.07695794803602551	0.014352544236671705
829.	0.06321530392977759	0.028629502654890393	0.05694512286772256	0.09773778068638861	0.014743502852762673
765.	0.03510234047194161	0.009421430774615547	0.021124042775249867	0.031634134813654735	0.00612768737182093
709.	0.06454755356082986	0.026220632042319614	0.05650422967692085	0.09843540384560967	0.015131526872440718
839.	0.03354631278053244	0.009566706961969595	0.020585061836787984	0.03042643327217931	0.005835569086439444
981.	0.08584285394143798	0.027880090606219543	0.061545739308144304	0.09277003836502773	0.015511331014483732
812.	0.013454782321506653	0.003131287297708618	0.007492604096975169	0.012806379091391706	0.002138894831327828
964.	0.01317857749702911	0.002786248647663636	0.007654798135398007	0.015786226877813725	0.00287293693222761
966.	0.0353124052167193	0.01658328091820538	0.03388389712212832	0.04945614398528286	0.006847607338201349
777.	0.07838827829271366	0.029428190502589047	0.05601946037447144	0.08128212490512432	0.013741688319924466
926.	0.04099722497701519	0.016091403834148976	0.02445569660150155	0.03187889607820826	0.004597992143785685
787.	0.01842237081206477	0.001901161753882219	0.0075393574968233845	0.01470680816145764	0.003003584838536091
873.	0.015095057287031977	0.0028181297691095564	0.010813357008017568	0.01629954542998857	0.0029419677170837407
748.	0.03153936880018071	0.013961159630160869	0.027722224203450486	0.05388975447733724	0.008631084194223277
749.	0.011139628680723157	0.0038493648272188707	0.012688616227212917	0.03293706836797572	0.007928928721717837
1800.	0.03284340013947207	0.026514659741644797	0.0622799281966022	0.14293492618277648	0.034895765081890136
1846.	0.01221077040854135	0.008436316050358661	0.02000981648688217	0.05631131317379856	0.012285124908759215
1833.	0.021450979792378866	0.0018093641041680986	0.006838535783823059	0.013710273299372355	0.0032257657102165572
1515.	0.036768843109431626	0.0013843541093506717	0.005163329758943273	0.009422540230658472	0.0025287129970505196
628.	0.031126109035408245	0.005039859733227292	0.01156769241821598	0.019278552078084155	0.004563668022201564
1874.	0.02418484266005705	0.009542008380827083	0.019003776613787854	0.028516108307697574	0.004494204688922624
1704.	0.02336020600051647	0.004093692245771718	0.011745288871939662	0.019636114924587722	0.004441511889603514
1762.	0.025413523495302792	0.002574055073988335	0.013413189999030769	0.025462349372380344	0.00617850781797548
1888.	0.01601014597802919	0.0025842974950894826	0.011788088576454208	0.020365537844462378	0.004822094577808732
1868.	0.017716754134128987	0.007878065462428196	0.01440059037927866	0.025868607497274265	0.004555674443760393
1518.	0.02007869515756533	0.007750216481619443	0.013607212433545032	0.020440833443812534	0.0029153692647721358
1890.	0.013825953092720944	0.007954848829618055	0.012632517923213717	0.025127168322864435	0.003607341684503551
1991.	0.014267247273864747	0.0036958043827349796	0.0077504382553776445	0.01729655843911848	0.0032458275420908437
1981.	0.046070293200385914	0.009539151717712913	0.01650875687156355	0.02918684401198479	0.004626855156034971
1987.	0.032708558972668444	0.01083964922688152	0.016353069359443216	0.026068255126645123	0.003737282326359374
1956.	0.007590876186802098	0.0007621147630545444	0.0033660256164196826	0.005822626086460669	0.0013148356055678006
1986.	0.028029149976130707	0.0033828183130513167	0.009526374583274258	0.019600556066911246	0.003954744638473264
1988.	0.008429272604389082	0.002680674428465313	0.006210234042199082	0.014762713062275279	0.0029150912565140937
1782.	0.02264477902790285	0.005642953007636842	0.013198387321722384	0.0266796412241761	0.004994927180430579
1983.	0.02695707271847647	0.005690105091077258	0.011350821429195981	0.017929266732881977	0.0036181698189560827
1993.	0.009265859586260139	0.005450603611047988	0.012437800726779571	0.02919367082465474	0.004960003108573724
1915.	0.0542065016839004	0.015542700784824004	0.03296279041369511	0.045983532366821844	0.006940566749881534
1948.	0.009172069093966617	0.0013257805729817163	0.005165693877780243	0.008948219882220942	0.0022667257834628296
2003.	0.05989636533457232	0.011387939617650056	0.03381275246733856	0.04933737714032793	0.009786860525481748
1954.	0.011547149466166529	0.0018859529483499227	0.005594963419386632	0.010419749919508337	0.0025712320888785205
1946.	0.006447753986494886	0.0011676636397900397	0.0037618635810930867	0.005736903856566444	0.0013981148960785575
1982.	0.008789001417674247	0.004627566422666596	0.01190131685327484	0.020724163412956687	0.004622128715791593
1995.	0.013855257283656441	0.002541512270116786	0.009471859798640767	0.014906762288619424	0.003593623966699723
1984.	0.02379687439275424	0.004963172348779632	0.012534714816653162	0.026129008644695806	0.0053369561410925095
1928.	0.04946976752524712	0.015967651446049946	0.03853743274944934	0.06418751816979218	0.012915569348742132
1997.	0.05702338674691543	0.016016042935961483	0.040235002005077805	0.05841919676748475	0.009249945132445035
1989.	0.025214408285912926	0.005613541809362466	0.012119978887893615	0.029968014653221742	0.006024659230660915
1920.	0.03255133929666221	0.010211656412777326	0.029604028612766786	0.04524300625566258	0.009918647557344723
2009.	0.03184967630839708	0.019619257489304598	0.03132808696891571	0.04307317821216161	0.005963249831988352
1994.	0.02426704847871053	0.004420127519665029	0.010578194440446494	0.018822684614196672	0.003667650498341759
2005.	0.11470313272260413	0.016814781657064848	0.049904489855524266	0.0837477662173548	0.017698140715491213
1926.	0.05399226337249241	0.014906661016824474	0.03859214928304351	0.058506367204592125	0.010904850864846894
2081.	0.05454638961842606	0.012051276693835766	0.03465529150358976	0.05357568527254297	0.010504030788079183
2007.	0.10587268250834314	0.01863273981911251	0.04606428422185273	0.07508104874074872	0.015266860035477815
1918.	0.1069724031056315	0.021231881586592505	0.044867931453885415	0.05928780737049644	0.008423126543589175
1958.	0.01028211116686828	0.0016908226194828346	0.0055213499661699835	0.009114159634511787	0.0021719716290072525
2080.	0.05564641102398371	0.016756338343877686	0.030880581711760384	0.042374927246061955	0.006116248100413776
1924.	0.049730625437299114	0.020885427769987364	0.04098309244933755	0.06878069348029814	0.012123913260439935
2000.	0.11999697970747436	0.01967524182000624	0.04760331438130258	0.07477818245452184	0.01678658567
2012.	0.05651345118421658	0.019114446402155205	0.033884332181653876	0.051324582022503895	0.008529221852752832
1945.	0.03806597243473275	0.0026299592055364363	0.009306367740446353	0.01930702515545213	0.004569673228655325
1930.	0.08141986324190131	0.02160582770103081	0.037299847768855976	0.05478657321987723	0.008033901891197938
2010.	0.08359139700045015	0.032849758279032915	0.06084942639907277	0.09207317958731187	0.01495977826408781
1992.	0.018455072403886108	0.004172128351289328	0.011932647131389402	0.025000470992156187	0.004969892388002923
2011.	0.13471929636399804	0.028037317156135	0.0604013186530924	0.0984515673175832	0.018446729680174884
2044.	0.08406010402367614	0.019172918660717686	0.05334989261210119	0.08449672044030598	0.01560881287108401
2075.	0.058586007677104646	0.018055440742895557	0.04473772979775199	0.059435183199245456	0.00899817186681803
2061.	0.04324214194023779	0.021736733724742052	0.04385034734780698	0.062391603309029264	0.009932935667364228
2001.	0.08217031858399526	0.016015542879501687	0.03603781979550226	0.06282902498701581	0.01266088400473797
1952.	0.007622741267488742	0.0009921764715740133	0.003572089485891074	0.007948895853357452	0.0016918024180092174
1969.	0.12641317239562255	0.042943658610668844	0.05928938603044831	0.0848828858389985	0.009881289009174602
2065.	0.03312164837146159	0.012161760602197647	0.033542133936983604	0.05648067351261499	0.010994015899457359
1979.	0.08466515636542238	0.03448995845443392	0.05196633100968314	0.08997025665060154	0.01158181749985066
1968.	0.07893243967013153	0.0331693951803429	0.046016821132177935	0.06721386849436684	0.008308575102880635
2057.	0.06579091080245647	0.012863833632197008	0.034477128349239904	0.05738043974929519	0.011403742276542585
2048.	0.08761238245283764	0.016551904658921757	0.03720745557271438	0.06258489823606184	0.012399269553758563
1999.	0.0852018155437353	0.019554344592494166	0.03821093147410129	0.06271686854147451	0.010933950791017437
2053.	0.02282476941015177	0.010716122056128263	0.019740290055133287	0.034713991449767945	0.005755953602421053
1921.	0.028527750737171065	0.008317584699766511	0.019609541789970514	0.03328136407231752	0.006371699192795205
1975.	0.05476256213877362	0.027917485176788492	0.04227469634460706	0.07536210307368751	0.00968753690554127
2058.	0.03356807129616757	0.01060424121764647	0.022958675534823995	0.04010029193351339	0.006676686864494627
1971.	0.06409271211689116	0.026322180626749403	0.0461838209384923	0.07457972724193984	0.010327073339659276
2052.	0.04096447583743301	0.019114057774777482	0.03909926070525525	0.05531799321272235	0.007313233795732007
1951.	0.013037946360163755	0.0016593508018567515	0.006243406783210041	0.011328449827594178	0.0027317472744812035
1973.	0.14152820609567462	0.03705731138556301	0.05822261751610685	0.09210779437993488	0.011257171477965091
2054.	0.048781373890591895	0.028151511201748414	0.06222869900378021	0.0906557119999527	0.017661987635845103
2043.	0.05119654134394824	0.024846804366942976	0.050930479060715496	0.07912359227267063	0.014488363814174971
2045.	0.08213051225217616	0.010920931443961446	0.03193253048162586	0.05697856208912	0.012031110949539407
1927.	0.05783227861539475	0.017817806242330314	0.026816144279623304	0.04034990580236297	0.0061526971666735
2049.	0.028160096355699826	0.011630645240471527	0.03054019674455282	0.050294703014735154	0.010765262145735373
1959.	0.02514055661509551	0.0035861647957701193	0.00839915561861082	0.017053738477819325	0.0037564775827281416
2070.	0.0314220690348046	0.009773595684938519	0.022853444515967426	0.039371151785053016	0.007603774923096542
2064.	0.03422928368414435	0.012834598292074895	0.03762970899317422	0.06507319076077833	0.013315713747293942
2069.	0.0492754285768473	0.009244278997629807	0.025894841968674108	0.04671479358915098	0.00820443363426032
1957.	0.009614316262862799	0.0020379732365405356	0.004877276340065517	0.008713612267096993	0.0019437905947444843
1977.	0.05600463107271614	0.029094769032558143	0.03851746686246694	0.05363225926867954	0.00566498020592927
2073.	0.04562514963617181	0.013693819157757137	0.03137227228202212	0.045488399231676135	0.006687886943843599
2079.	0.031754964955450715	0.0124694244800726	0.02202895751672296	0.03638297253852962	0.005792413308402685
1923.	0.047941245542276634	0.024612650748670917	0.06351255985853708	0.09342794126784526	0.018066350119162453
2004.	0.0388161316439406	0.011134088480088788	0.019146044839953618	0.02683209513892859	0.004360267546433148
1953.	0.011002434310376952	0.0021768918910813895	0.006443948810885132	0.012136941066075324	0.0029504687089972116
1947.	0.007270606135764357	0.0007109559673298405	0.0031751595261485734	0.00716697684864398	0.0014143168066970268
2066.	0.034394100710385955	0.025587368393426346	0.049556256808234306	0.07116117064598704	0.011851791869753894
2017.	0.1032197351276738	0.015619108290448325	0.03800707106916064	0.059892796237864476	0.012244486320220398
2032.	0.11264545667680892	0.03303894304102861	0.05840668087061671	0.08770524459817397	0.014981573152593889
2074.	0.04694013600265612	0.02355181868147671	0.06140812828728091	0.09148455712932058	0.017663377155455403
1972.	0.09490644794598557	0.032226045016665594	0.04592780700836338	0.06957194279729828	0.008250352400968854
1998.	0.09617751619442294	0.02969468075038928	0.06994578661405039	0.11082513062009891	0.023527941913278425
1978.	0.0864770973728004	0.030454580334064563	0.04251071620856509	0.06652549693331444	0.007966239249290045
1917.	0.08079454222373905	0.011510361228304622	0.032579187673797666	0.055963105375430366	0.01158593518552128
2037.	0.0353131866986105	0.012161897084371653	0.028713711671571312	0.05017552912912371	0.009889467013479274
1929.	0.14668769918369384	0.03615884886594656	0.07201412991826316	0.11243115774693258	0.020363261462490286
2039.	0.06862924704098883	0.019207315027638172	0.040352184455199995	0.06155996350323356	0.011669817146526623
2016.	0.11316599656334914	0.018271734205409063	0.046962146130089914	0.07185492045632014	0.01196314396546051
2006.	0.02845976879888601	0.015043775278371085	0.025506516003837913	0.04357322301937194	0.0070712889145569426
1976.	0.08141616488899195	0.03196621800171717	0.04927355515646496	0.08651659369524911	0.01172195897684603
2015.	0.09430982725039871	0.022875433498949493	0.04475334433785026	0.06214763218862751	0.009033749226088565
2027.	0.09337617480197113	0.021012536760826594	0.04196965187744519	0.06656245124874782	0.012083259176833738
2038.	0.0517086489002776	0.014269679654571932	0.03234874986099518	0.05288044681251125	0.009324428785038662
1922.	0.059303294713777155	0.02169252254911913	0.032498835401440024	0.04717409677248485	0.006800854709277973
2023.	0.07642884177215603	0.012518876896823294	0.034094922299703886	0.05560757093688251	0.010598071098796836
2022.	0.04465513971714097	0.016099784528827543	0.02757012999902019	0.04057990384749732	0.005705196741090662
2028.	0.06665701288253667	0.01677783584310677	0.038352583488886406	0.05209866432181509	0.00780837905640139
2034.	0.028530636092398143	0.009547507691693213	0.025147365647919046	0.038196602680427794	0.007711650318045532
1916.	0.038694466815274664	0.007505758871736323	0.024723770200040695	0.03920564352956413	0.008601973643521294
2021.	0.04675203557709273	0.01402236303028992	0.023268316888404132	0.03252378332284678	0.0046230080965316885
2033.	0.03204957262819963	0.012111947555829117	0.03474591322253108	0.05384384838108247	0.011382580754837276
58.	0.013737973828690242	0.006301804794966004	0.013149111885568724	0.019614835438187983	0.0034293024479878126
57.	0.022082795385146792	0.0011156049643648025	0.012125695160384229	0.027246620852690917	0.0076749693231285485
62.	0.00804179346259648	0.0017329315970309178	0.005054991714170242	0.01094667036913377	0.0020605305294023393
165.	0.07500075637605641	0.003972033966359478	0.028175488809434462	0.1241691241438887	0.028578017151545797